10000
0 46
1 10
2 15
3 36
4 49
5 21
6 8
7 38
8 39
9 40
10 49
11 49
12 30
13 53
14 21
15 37
16 42
17 13
18 38
19 35
20 11
21 23
22 31
23 5
24 42
25 45
26 35
27 55
28 37
29 10
30 46
31 5
32 37
33 17
34 38
35 27
36 19
37 39
38 6
39 5
40 46
41 50
42 13
43 44
44 32
45 28
46 50
47 15
48 55
49 39
50 52
51 7
52 27
53 20
54 50
55 12
56 7
57 5
58 45
59 18
60 30
61 31
62 10
63 11
64 38
65 21
66 18
67 22
68 42
69 9
70 13
71 44
72 34
73 53
74 48
75 55
76 17
77 47
78 20
79 34
80 50
81 31
82 17
83 18
84 44
85 13
86 24
87 37
88 13
89 48
90 17
91 8
92 49
93 6
94 34
95 21
96 7
97 47
98 35
99 22
100 44
101 10
102 54
103 32
104 14
105 41
106 8
107 16
108 7
109 53
110 28
111 37
112 52
113 54
114 53
115 20
116 7
117 23
118 53
119 44
120 21
121 35
122 37
123 26
124 22
125 37
126 47
127 24
128 7
129 21
130 19
131 33
132 14
133 54
134 48
135 18
136 53
137 55
138 9
139 20
140 9
141 52
142 14
143 35
144 7
145 40
146 33
147 22
148 52
149 29
150 52
151 12
152 22
153 30
154 47
155 52
156 38
157 7
158 50
159 28
160 24
161 40
162 38
163 40
164 31
165 11
166 9
167 17
168 37
169 28
170 45
171 37
172 46
173 9
174 11
175 5
176 17
177 50
178 38
179 9
180 24
181 47
182 7
183 15
184 5
185 46
186 20
187 19
188 27
189 13
190 10
191 6
192 20
193 48
194 13
195 29
196 35
197 43
198 21
199 33
200 34
201 22
202 19
203 14
204 52
205 52
206 51
207 43
208 6
209 14
210 7
211 48
212 35
213 25
214 51
215 16
216 38
217 39
218 38
219 17
220 30
221 11
222 45
223 22
224 7
225 11
226 50
227 44
228 32
229 13
230 13
231 37
232 10
233 46
234 15
235 30
236 26
237 14
238 30
239 6
240 25
241 10
242 39
243 31
244 7
245 25
246 32
247 45
248 36
249 41
250 40
251 38
252 52
253 17
254 35
255 7
256 51
257 46
258 10
259 31
260 39
261 53
262 32
263 44
264 7
265 26
266 25
267 41
268 30
269 43
270 43
271 23
272 51
273 16
274 31
275 7
276 55
277 16
278 47
279 48
280 16
281 5
282 44
283 53
284 11
285 6
286 9
287 33
288 13
289 39
290 12
291 15
292 11
293 47
294 45
295 31
296 43
297 17
298 22
299 7
300 40
301 20
302 27
303 35
304 10
305 54
306 22
307 30
308 51
309 31
310 9
311 11
312 48
313 35
314 28
315 35
316 15
317 42
318 15
319 39
320 12
321 51
322 32
323 51
324 45
325 46
326 38
327 21
328 37
329 45
330 13
331 18
332 16
333 35
334 14
335 27
336 7
337 21
338 28
339 28
340 34
341 33
342 29
343 15
344 50
345 52
346 52
347 40
348 34
349 17
350 21
351 30
352 38
353 39
354 27
355 18
356 47
357 31
358 45
359 24
360 32
361 55
362 9
363 16
364 13
365 40
366 32
367 26
368 20
369 37
370 47
371 37
372 7
373 50
374 33
375 5
376 42
377 28
378 31
379 49
380 24
381 16
382 11
383 52
384 7
385 9
386 13
387 33
388 37
389 23
390 14
391 22
392 50
393 19
394 6
395 25
396 46
397 48
398 26
399 22
400 30
401 43
402 34
403 21
404 10
405 16
406 47
407 19
408 46
409 33
410 13
411 24
412 34
413 29
414 18
415 42
416 12
417 40
418 10
419 8
420 51
421 50
422 17
423 7
424 35
425 31
426 31
427 45
428 40
429 28
430 13
431 51
432 16
433 52
434 29
435 22
436 46
437 54
438 36
439 34
440 30
441 10
442 31
443 31
444 48
445 9
446 43
447 31
448 48
449 5
450 25
451 39
452 10
453 24
454 19
455 42
456 36
457 31
458 42
459 5
460 39
461 40
462 54
463 11
464 10
465 54
466 51
467 38
468 6
469 44
470 39
471 19
472 45
473 22
474 44
475 40
476 12
477 17
478 29
479 14
480 33
481 6
482 41
483 24
484 53
485 46
486 29
487 30
488 24
489 7
490 30
491 16
492 22
493 24
494 26
495 19
496 19
497 6
498 51
499 43
500 45
501 54
502 36
503 12
504 37
505 33
506 48
507 23
508 41
509 52
510 44
511 54
512 11
513 37
514 52
515 42
516 49
517 48
518 52
519 13
520 50
521 21
522 42
523 39
524 6
525 7
526 7
527 32
528 53
529 18
530 13
531 15
532 33
533 34
534 5
535 13
536 55
537 51
538 18
539 7
540 32
541 44
542 44
543 53
544 30
545 17
546 6
547 47
548 39
549 27
550 8
551 30
552 9
553 6
554 8
555 16
556 50
557 29
558 14
559 51
560 17
561 20
562 6
563 41
564 49
565 22
566 42
567 19
568 23
569 35
570 13
571 25
572 50
573 11
574 9
575 31
576 36
577 12
578 14
579 25
580 22
581 35
582 19
583 6
584 29
585 45
586 42
587 43
588 46
589 10
590 11
591 40
592 49
593 12
594 25
595 5
596 39
597 40
598 35
599 13
600 44
601 39
602 51
603 35
604 44
605 31
606 13
607 25
608 50
609 13
610 12
611 15
612 38
613 12
614 48
615 11
616 9
617 40
618 10
619 19
620 53
621 9
622 32
623 6
624 31
625 47
626 25
627 50
628 36
629 20
630 21
631 23
632 40
633 43
634 25
635 27
636 29
637 43
638 23
639 37
640 47
641 30
642 49
643 36
644 13
645 34
646 22
647 54
648 53
649 45
650 16
651 49
652 16
653 19
654 53
655 24
656 28
657 21
658 20
659 44
660 36
661 54
662 29
663 41
664 41
665 21
666 17
667 43
668 34
669 43
670 28
671 11
672 24
673 48
674 50
675 9
676 14
677 9
678 23
679 35
680 10
681 32
682 15
683 12
684 46
685 17
686 22
687 33
688 23
689 7
690 53
691 13
692 24
693 18
694 7
695 27
696 23
697 47
698 39
699 5
700 23
701 15
702 33
703 9
704 33
705 23
706 50
707 36
708 19
709 35
710 20
711 49
712 10
713 24
714 50
715 22
716 39
717 42
718 5
719 38
720 31
721 47
722 25
723 8
724 48
725 28
726 50
727 6
728 41
729 16
730 33
731 14
732 53
733 54
734 40
735 32
736 23
737 36
738 18
739 19
740 19
741 13
742 28
743 55
744 7
745 17
746 40
747 18
748 7
749 16
750 40
751 37
752 14
753 32
754 45
755 13
756 18
757 29
758 18
759 23
760 23
761 48
762 25
763 51
764 15
765 35
766 20
767 23
768 46
769 13
770 28
771 46
772 46
773 11
774 33
775 26
776 5
777 53
778 41
779 45
780 25
781 50
782 5
783 45
784 12
785 25
786 52
787 37
788 10
789 29
790 22
791 34
792 24
793 32
794 49
795 47
796 15
797 23
798 39
799 42
800 53
801 31
802 37
803 50
804 43
805 5
806 15
807 32
808 9
809 45
810 38
811 49
812 30
813 36
814 53
815 17
816 16
817 40
818 18
819 18
820 11
821 49
822 12
823 15
824 25
825 34
826 17
827 40
828 22
829 17
830 31
831 40
832 23
833 36
834 31
835 25
836 15
837 5
838 24
839 29
840 27
841 33
842 51
843 8
844 46
845 27
846 53
847 25
848 15
849 32
850 50
851 27
852 22
853 39
854 36
855 34
856 8
857 14
858 28
859 47
860 44
861 27
862 53
863 9
864 9
865 23
866 6
867 15
868 35
869 5
870 52
871 44
872 39
873 25
874 53
875 53
876 39
877 13
878 43
879 32
880 51
881 11
882 31
883 36
884 33
885 12
886 33
887 22
888 5
889 33
890 34
891 37
892 52
893 20
894 25
895 9
896 17
897 37
898 15
899 47
900 36
901 14
902 12
903 41
904 28
905 32
906 52
907 43
908 11
909 45
910 7
911 17
912 41
913 31
914 6
915 20
916 20
917 45
918 40
919 55
920 50
921 22
922 22
923 35
924 28
925 27
926 19
927 40
928 50
929 17
930 18
931 21
932 37
933 21
934 41
935 29
936 54
937 8
938 12
939 17
940 53
941 55
942 26
943 53
944 29
945 17
946 26
947 35
948 25
949 19
950 37
951 21
952 25
953 9
954 9
955 44
956 21
957 36
958 48
959 18
960 15
961 52
962 30
963 46
964 26
965 28
966 12
967 32
968 24
969 32
970 6
971 17
972 43
973 36
974 45
975 50
976 33
977 46
978 48
979 14
980 27
981 54
982 49
983 5
984 16
985 24
986 46
987 20
988 43
989 22
990 42
991 28
992 44
993 53
994 50
995 6
996 50
997 46
998 23
999 14
1000 50
1001 54
1002 11
1003 15
1004 50
1005 46
1006 8
1007 38
1008 24
1009 38
1010 9
1011 22
1012 44
1013 28
1014 19
1015 30
1016 8
1017 39
1018 38
1019 51
1020 40
1021 20
1022 6
1023 43
1024 44
1025 27
1026 8
1027 45
1028 21
1029 47
1030 17
1031 33
1032 41
1033 48
1034 37
1035 36
1036 26
1037 48
1038 27
1039 13
1040 47
1041 39
1042 9
1043 50
1044 55
1045 31
1046 13
1047 36
1048 39
1049 54
1050 25
1051 49
1052 50
1053 49
1054 36
1055 29
1056 22
1057 7
1058 43
1059 27
1060 13
1061 37
1062 29
1063 38
1064 36
1065 10
1066 26
1067 8
1068 18
1069 16
1070 33
1071 36
1072 21
1073 16
1074 25
1075 42
1076 29
1077 37
1078 37
1079 54
1080 44
1081 36
1082 28
1083 8
1084 23
1085 40
1086 23
1087 19
1088 41
1089 47
1090 48
1091 53
1092 15
1093 35
1094 15
1095 41
1096 46
1097 35
1098 54
1099 42
1100 7
1101 12
1102 27
1103 35
1104 46
1105 10
1106 17
1107 49
1108 51
1109 30
1110 45
1111 31
1112 36
1113 5
1114 24
1115 28
1116 25
1117 32
1118 28
1119 37
1120 32
1121 48
1122 49
1123 23
1124 28
1125 41
1126 24
1127 26
1128 35
1129 40
1130 51
1131 21
1132 14
1133 31
1134 30
1135 29
1136 43
1137 34
1138 29
1139 50
1140 39
1141 31
1142 8
1143 32
1144 29
1145 53
1146 50
1147 7
1148 31
1149 52
1150 5
1151 21
1152 33
1153 8
1154 5
1155 42
1156 17
1157 17
1158 27
1159 13
1160 15
1161 11
1162 31
1163 13
1164 22
1165 27
1166 7
1167 30
1168 11
1169 24
1170 8
1171 52
1172 28
1173 18
1174 46
1175 39
1176 38
1177 14
1178 45
1179 29
1180 32
1181 8
1182 7
1183 5
1184 30
1185 27
1186 8
1187 47
1188 9
1189 11
1190 36
1191 42
1192 54
1193 39
1194 39
1195 13
1196 53
1197 42
1198 17
1199 14
1200 50
1201 11
1202 14
1203 41
1204 39
1205 8
1206 16
1207 21
1208 27
1209 26
1210 8
1211 51
1212 6
1213 23
1214 26
1215 12
1216 9
1217 46
1218 5
1219 49
1220 47
1221 6
1222 12
1223 43
1224 15
1225 6
1226 28
1227 20
1228 41
1229 51
1230 15
1231 52
1232 9
1233 53
1234 8
1235 8
1236 8
1237 50
1238 28
1239 45
1240 38
1241 48
1242 49
1243 35
1244 20
1245 52
1246 26
1247 5
1248 35
1249 34
1250 26
1251 41
1252 34
1253 21
1254 7
1255 13
1256 40
1257 45
1258 34
1259 36
1260 11
1261 39
1262 50
1263 51
1264 15
1265 28
1266 12
1267 22
1268 35
1269 28
1270 30
1271 13
1272 11
1273 35
1274 28
1275 25
1276 29
1277 35
1278 42
1279 42
1280 45
1281 6
1282 6
1283 44
1284 13
1285 5
1286 45
1287 14
1288 47
1289 11
1290 20
1291 42
1292 25
1293 29
1294 14
1295 15
1296 20
1297 36
1298 54
1299 31
1300 55
1301 15
1302 43
1303 22
1304 42
1305 16
1306 40
1307 42
1308 27
1309 50
1310 51
1311 17
1312 30
1313 51
1314 15
1315 32
1316 41
1317 25
1318 42
1319 53
1320 28
1321 31
1322 13
1323 23
1324 32
1325 25
1326 21
1327 10
1328 24
1329 28
1330 16
1331 38
1332 18
1333 40
1334 31
1335 10
1336 20
1337 44
1338 38
1339 9
1340 20
1341 5
1342 49
1343 21
1344 54
1345 25
1346 29
1347 37
1348 11
1349 52
1350 35
1351 47
1352 26
1353 6
1354 43
1355 46
1356 46
1357 19
1358 27
1359 22
1360 33
1361 24
1362 44
1363 47
1364 40
1365 44
1366 28
1367 32
1368 17
1369 40
1370 31
1371 33
1372 29
1373 50
1374 31
1375 9
1376 8
1377 39
1378 5
1379 14
1380 7
1381 19
1382 55
1383 36
1384 12
1385 9
1386 46
1387 52
1388 43
1389 14
1390 35
1391 52
1392 24
1393 43
1394 8
1395 19
1396 45
1397 28
1398 39
1399 6
1400 27
1401 27
1402 10
1403 18
1404 10
1405 40
1406 32
1407 52
1408 37
1409 22
1410 34
1411 26
1412 24
1413 46
1414 54
1415 22
1416 5
1417 34
1418 43
1419 12
1420 39
1421 20
1422 41
1423 40
1424 29
1425 53
1426 42
1427 17
1428 50
1429 27
1430 10
1431 22
1432 20
1433 50
1434 49
1435 28
1436 37
1437 41
1438 33
1439 11
1440 30
1441 28
1442 37
1443 39
1444 22
1445 35
1446 51
1447 27
1448 54
1449 26
1450 35
1451 29
1452 9
1453 35
1454 36
1455 21
1456 27
1457 42
1458 32
1459 35
1460 6
1461 39
1462 10
1463 5
1464 19
1465 51
1466 27
1467 53
1468 44
1469 31
1470 10
1471 18
1472 7
1473 8
1474 17
1475 46
1476 23
1477 25
1478 11
1479 37
1480 26
1481 50
1482 32
1483 34
1484 24
1485 13
1486 5
1487 46
1488 24
1489 23
1490 23
1491 43
1492 8
1493 19
1494 52
1495 53
1496 45
1497 43
1498 7
1499 11
1500 53
1501 47
1502 8
1503 43
1504 12
1505 35
1506 11
1507 48
1508 12
1509 16
1510 46
1511 54
1512 47
1513 44
1514 23
1515 7
1516 10
1517 51
1518 54
1519 54
1520 28
1521 5
1522 42
1523 17
1524 9
1525 9
1526 41
1527 23
1528 46
1529 15
1530 8
1531 27
1532 26
1533 34
1534 18
1535 22
1536 42
1537 5
1538 38
1539 19
1540 14
1541 42
1542 31
1543 48
1544 14
1545 45
1546 8
1547 15
1548 38
1549 47
1550 6
1551 28
1552 48
1553 22
1554 24
1555 11
1556 27
1557 11
1558 53
1559 21
1560 46
1561 26
1562 7
1563 29
1564 13
1565 53
1566 48
1567 35
1568 14
1569 37
1570 21
1571 18
1572 42
1573 47
1574 18
1575 28
1576 26
1577 36
1578 41
1579 47
1580 37
1581 39
1582 6
1583 19
1584 15
1585 28
1586 34
1587 35
1588 44
1589 37
1590 10
1591 40
1592 19
1593 35
1594 37
1595 20
1596 53
1597 18
1598 26
1599 26
1600 53
1601 22
1602 43
1603 30
1604 20
1605 34
1606 23
1607 49
1608 34
1609 49
1610 33
1611 50
1612 27
1613 52
1614 18
1615 42
1616 42
1617 51
1618 45
1619 50
1620 29
1621 7
1622 53
1623 15
1624 42
1625 21
1626 39
1627 12
1628 45
1629 9
1630 53
1631 31
1632 29
1633 25
1634 43
1635 44
1636 39
1637 20
1638 35
1639 52
1640 39
1641 13
1642 54
1643 47
1644 17
1645 16
1646 24
1647 28
1648 36
1649 16
1650 12
1651 21
1652 16
1653 31
1654 40
1655 48
1656 14
1657 11
1658 8
1659 45
1660 29
1661 13
1662 43
1663 27
1664 42
1665 32
1666 16
1667 27
1668 49
1669 28
1670 9
1671 23
1672 41
1673 30
1674 29
1675 16
1676 27
1677 26
1678 52
1679 52
1680 9
1681 21
1682 48
1683 45
1684 52
1685 25
1686 25
1687 31
1688 13
1689 8
1690 52
1691 10
1692 33
1693 28
1694 37
1695 35
1696 41
1697 26
1698 17
1699 51
1700 41
1701 18
1702 50
1703 38
1704 43
1705 49
1706 16
1707 43
1708 16
1709 34
1710 24
1711 27
1712 24
1713 12
1714 21
1715 18
1716 44
1717 15
1718 35
1719 25
1720 17
1721 35
1722 30
1723 54
1724 24
1725 37
1726 40
1727 15
1728 49
1729 42
1730 5
1731 17
1732 44
1733 10
1734 25
1735 15
1736 22
1737 17
1738 6
1739 9
1740 7
1741 28
1742 32
1743 9
1744 18
1745 8
1746 33
1747 21
1748 17
1749 15
1750 10
1751 30
1752 28
1753 36
1754 37
1755 28
1756 30
1757 33
1758 29
1759 18
1760 17
1761 33
1762 22
1763 6
1764 51
1765 36
1766 53
1767 14
1768 34
1769 54
1770 21
1771 8
1772 38
1773 7
1774 37
1775 49
1776 55
1777 24
1778 16
1779 34
1780 32
1781 24
1782 42
1783 14
1784 27
1785 5
1786 47
1787 11
1788 20
1789 45
1790 25
1791 13
1792 48
1793 26
1794 44
1795 26
1796 15
1797 34
1798 42
1799 9
1800 32
1801 53
1802 40
1803 33
1804 5
1805 55
1806 20
1807 32
1808 47
1809 50
1810 12
1811 43
1812 38
1813 48
1814 9
1815 11
1816 18
1817 35
1818 18
1819 13
1820 24
1821 36
1822 44
1823 9
1824 43
1825 47
1826 24
1827 14
1828 32
1829 5
1830 49
1831 18
1832 47
1833 27
1834 49
1835 32
1836 48
1837 38
1838 5
1839 41
1840 36
1841 45
1842 42
1843 37
1844 22
1845 5
1846 41
1847 46
1848 7
1849 38
1850 41
1851 45
1852 36
1853 31
1854 44
1855 34
1856 28
1857 43
1858 28
1859 11
1860 33
1861 10
1862 47
1863 49
1864 10
1865 16
1866 15
1867 31
1868 42
1869 37
1870 15
1871 21
1872 12
1873 45
1874 36
1875 36
1876 36
1877 50
1878 7
1879 33
1880 26
1881 26
1882 37
1883 22
1884 13
1885 37
1886 7
1887 29
1888 9
1889 35
1890 25
1891 14
1892 12
1893 21
1894 55
1895 52
1896 54
1897 30
1898 40
1899 10
1900 51
1901 16
1902 36
1903 37
1904 17
1905 6
1906 29
1907 9
1908 44
1909 45
1910 52
1911 9
1912 32
1913 9
1914 9
1915 43
1916 53
1917 50
1918 31
1919 28
1920 16
1921 40
1922 18
1923 21
1924 55
1925 17
1926 10
1927 17
1928 34
1929 25
1930 55
1931 31
1932 53
1933 49
1934 54
1935 17
1936 43
1937 32
1938 41
1939 36
1940 49
1941 13
1942 7
1943 46
1944 32
1945 18
1946 19
1947 53
1948 37
1949 47
1950 35
1951 5
1952 28
1953 49
1954 41
1955 36
1956 31
1957 41
1958 22
1959 28
1960 36
1961 34
1962 49
1963 31
1964 36
1965 45
1966 20
1967 8
1968 33
1969 51
1970 21
1971 46
1972 42
1973 40
1974 31
1975 10
1976 37
1977 7
1978 33
1979 33
1980 39
1981 19
1982 32
1983 30
1984 25
1985 51
1986 35
1987 41
1988 51
1989 41
1990 18
1991 33
1992 44
1993 35
1994 19
1995 53
1996 32
1997 22
1998 35
1999 48
2000 32
2001 11
2002 53
2003 21
2004 25
2005 17
2006 47
2007 8
2008 30
2009 5
2010 27
2011 38
2012 45
2013 40
2014 54
2015 9
2016 40
2017 5
2018 25
2019 46
2020 14
2021 32
2022 45
2023 23
2024 42
2025 53
2026 43
2027 43
2028 7
2029 38
2030 39
2031 14
2032 33
2033 11
2034 24
2035 26
2036 18
2037 50
2038 50
2039 41
2040 47
2041 35
2042 7
2043 29
2044 53
2045 20
2046 29
2047 42
2048 31
2049 48
2050 14
2051 41
2052 5
2053 34
2054 44
2055 30
2056 17
2057 37
2058 7
2059 51
2060 43
2061 30
2062 45
2063 29
2064 32
2065 20
2066 8
2067 54
2068 51
2069 27
2070 26
2071 20
2072 50
2073 46
2074 39
2075 47
2076 24
2077 29
2078 54
2079 20
2080 30
2081 7
2082 41
2083 21
2084 26
2085 29
2086 25
2087 26
2088 5
2089 33
2090 28
2091 31
2092 6
2093 49
2094 34
2095 27
2096 51
2097 31
2098 7
2099 22
2100 17
2101 24
2102 37
2103 29
2104 25
2105 31
2106 42
2107 35
2108 10
2109 21
2110 19
2111 26
2112 47
2113 40
2114 26
2115 7
2116 13
2117 8
2118 20
2119 53
2120 19
2121 10
2122 55
2123 42
2124 5
2125 54
2126 33
2127 38
2128 35
2129 9
2130 7
2131 32
2132 24
2133 24
2134 9
2135 15
2136 10
2137 35
2138 43
2139 14
2140 51
2141 11
2142 37
2143 7
2144 16
2145 21
2146 19
2147 29
2148 45
2149 25
2150 29
2151 13
2152 47
2153 37
2154 45
2155 46
2156 36
2157 41
2158 12
2159 30
2160 9
2161 42
2162 26
2163 38
2164 44
2165 47
2166 14
2167 44
2168 45
2169 22
2170 28
2171 13
2172 46
2173 26
2174 10
2175 30
2176 49
2177 24
2178 55
2179 39
2180 33
2181 42
2182 47
2183 33
2184 27
2185 50
2186 9
2187 33
2188 55
2189 41
2190 12
2191 40
2192 46
2193 14
2194 12
2195 47
2196 7
2197 47
2198 20
2199 18
2200 42
2201 31
2202 40
2203 10
2204 12
2205 51
2206 17
2207 51
2208 32
2209 23
2210 49
2211 22
2212 7
2213 29
2214 11
2215 24
2216 25
2217 11
2218 48
2219 23
2220 11
2221 18
2222 41
2223 19
2224 20
2225 10
2226 24
2227 19
2228 14
2229 40
2230 39
2231 38
2232 18
2233 48
2234 27
2235 16
2236 28
2237 30
2238 50
2239 43
2240 26
2241 11
2242 23
2243 43
2244 35
2245 20
2246 32
2247 17
2248 6
2249 7
2250 8
2251 15
2252 39
2253 51
2254 29
2255 12
2256 5
2257 37
2258 49
2259 47
2260 49
2261 52
2262 24
2263 14
2264 13
2265 54
2266 20
2267 19
2268 9
2269 21
2270 48
2271 19
2272 21
2273 31
2274 8
2275 43
2276 43
2277 34
2278 38
2279 33
2280 12
2281 44
2282 54
2283 37
2284 11
2285 46
2286 25
2287 29
2288 30
2289 46
2290 7
2291 23
2292 34
2293 15
2294 28
2295 54
2296 20
2297 32
2298 32
2299 35
2300 37
2301 13
2302 45
2303 38
2304 55
2305 47
2306 40
2307 43
2308 27
2309 46
2310 51
2311 10
2312 35
2313 52
2314 24
2315 19
2316 41
2317 52
2318 22
2319 21
2320 19
2321 14
2322 28
2323 21
2324 8
2325 54
2326 20
2327 52
2328 30
2329 37
2330 9
2331 35
2332 55
2333 33
2334 44
2335 19
2336 17
2337 47
2338 38
2339 44
2340 15
2341 47
2342 12
2343 30
2344 42
2345 32
2346 44
2347 23
2348 27
2349 24
2350 33
2351 32
2352 25
2353 41
2354 46
2355 17
2356 21
2357 45
2358 15
2359 46
2360 12
2361 43
2362 53
2363 20
2364 43
2365 42
2366 16
2367 28
2368 22
2369 15
2370 27
2371 23
2372 54
2373 32
2374 9
2375 11
2376 27
2377 37
2378 17
2379 12
2380 8
2381 5
2382 14
2383 45
2384 52
2385 46
2386 25
2387 18
2388 36
2389 6
2390 48
2391 14
2392 35
2393 50
2394 21
2395 42
2396 22
2397 37
2398 31
2399 19
2400 39
2401 36
2402 41
2403 41
2404 50
2405 37
2406 25
2407 41
2408 10
2409 38
2410 34
2411 5
2412 37
2413 45
2414 44
2415 36
2416 28
2417 51
2418 17
2419 9
2420 30
2421 14
2422 45
2423 55
2424 44
2425 29
2426 31
2427 35
2428 52
2429 23
2430 23
2431 13
2432 31
2433 40
2434 43
2435 6
2436 25
2437 55
2438 8
2439 24
2440 36
2441 30
2442 11
2443 25
2444 52
2445 5
2446 43
2447 22
2448 34
2449 20
2450 53
2451 54
2452 18
2453 53
2454 6
2455 53
2456 9
2457 25
2458 32
2459 36
2460 52
2461 19
2462 25
2463 23
2464 44
2465 28
2466 6
2467 38
2468 12
2469 12
2470 31
2471 30
2472 26
2473 33
2474 28
2475 47
2476 6
2477 9
2478 52
2479 12
2480 50
2481 20
2482 19
2483 44
2484 28
2485 45
2486 49
2487 36
2488 28
2489 31
2490 53
2491 9
2492 32
2493 50
2494 11
2495 29
2496 44
2497 53
2498 35
2499 54
2500 10
2501 51
2502 32
2503 45
2504 27
2505 37
2506 43
2507 25
2508 17
2509 13
2510 32
2511 7
2512 6
2513 12
2514 11
2515 51
2516 52
2517 21
2518 35
2519 51
2520 21
2521 35
2522 6
2523 25
2524 42
2525 54
2526 53
2527 52
2528 26
2529 12
2530 39
2531 26
2532 29
2533 43
2534 47
2535 22
2536 36
2537 30
2538 19
2539 45
2540 39
2541 33
2542 12
2543 47
2544 12
2545 5
2546 6
2547 26
2548 20
2549 49
2550 45
2551 6
2552 12
2553 25
2554 37
2555 5
2556 16
2557 27
2558 39
2559 27
2560 11
2561 53
2562 37
2563 34
2564 44
2565 48
2566 28
2567 6
2568 26
2569 49
2570 33
2571 17
2572 15
2573 48
2574 17
2575 39
2576 49
2577 8
2578 37
2579 23
2580 25
2581 28
2582 33
2583 32
2584 26
2585 10
2586 45
2587 29
2588 5
2589 27
2590 29
2591 35
2592 45
2593 43
2594 29
2595 9
2596 15
2597 9
2598 50
2599 7
2600 48
2601 27
2602 12
2603 10
2604 52
2605 44
2606 42
2607 8
2608 26
2609 51
2610 46
2611 26
2612 24
2613 22
2614 42
2615 21
2616 10
2617 25
2618 15
2619 27
2620 23
2621 22
2622 27
2623 45
2624 22
2625 24
2626 47
2627 35
2628 19
2629 33
2630 30
2631 28
2632 25
2633 46
2634 19
2635 20
2636 42
2637 44
2638 49
2639 21
2640 53
2641 9
2642 30
2643 22
2644 11
2645 27
2646 39
2647 33
2648 42
2649 49
2650 37
2651 33
2652 45
2653 40
2654 31
2655 42
2656 43
2657 9
2658 29
2659 28
2660 20
2661 7
2662 33
2663 11
2664 9
2665 10
2666 23
2667 19
2668 46
2669 5
2670 47
2671 33
2672 14
2673 36
2674 46
2675 52
2676 45
2677 51
2678 8
2679 46
2680 20
2681 33
2682 9
2683 12
2684 34
2685 43
2686 8
2687 29
2688 54
2689 12
2690 47
2691 29
2692 46
2693 8
2694 12
2695 43
2696 51
2697 46
2698 24
2699 11
2700 7
2701 47
2702 12
2703 44
2704 22
2705 53
2706 29
2707 35
2708 20
2709 9
2710 55
2711 51
2712 24
2713 30
2714 35
2715 6
2716 19
2717 28
2718 23
2719 52
2720 54
2721 16
2722 29
2723 10
2724 36
2725 19
2726 23
2727 49
2728 28
2729 27
2730 32
2731 5
2732 13
2733 46
2734 19
2735 16
2736 12
2737 6
2738 23
2739 20
2740 49
2741 33
2742 27
2743 9
2744 30
2745 38
2746 26
2747 13
2748 17
2749 55
2750 5
2751 45
2752 42
2753 54
2754 10
2755 24
2756 44
2757 10
2758 35
2759 21
2760 19
2761 53
2762 9
2763 11
2764 9
2765 41
2766 33
2767 34
2768 49
2769 14
2770 31
2771 11
2772 27
2773 5
2774 17
2775 21
2776 43
2777 27
2778 51
2779 8
2780 6
2781 41
2782 33
2783 9
2784 46
2785 54
2786 8
2787 24
2788 38
2789 39
2790 38
2791 45
2792 52
2793 40
2794 30
2795 19
2796 7
2797 55
2798 15
2799 44
2800 44
2801 18
2802 35
2803 39
2804 42
2805 28
2806 15
2807 29
2808 40
2809 16
2810 10
2811 46
2812 5
2813 14
2814 26
2815 15
2816 40
2817 44
2818 21
2819 44
2820 47
2821 17
2822 18
2823 19
2824 31
2825 8
2826 48
2827 24
2828 6
2829 21
2830 47
2831 34
2832 11
2833 5
2834 26
2835 40
2836 43
2837 5
2838 53
2839 42
2840 52
2841 47
2842 37
2843 8
2844 44
2845 15
2846 51
2847 46
2848 28
2849 24
2850 5
2851 47
2852 16
2853 23
2854 5
2855 37
2856 13
2857 21
2858 49
2859 22
2860 44
2861 34
2862 52
2863 10
2864 18
2865 14
2866 51
2867 28
2868 42
2869 8
2870 32
2871 9
2872 34
2873 32
2874 20
2875 9
2876 17
2877 15
2878 15
2879 53
2880 37
2881 17
2882 25
2883 48
2884 25
2885 15
2886 24
2887 7
2888 28
2889 43
2890 50
2891 16
2892 21
2893 48
2894 27
2895 45
2896 28
2897 52
2898 12
2899 47
2900 40
2901 13
2902 50
2903 50
2904 45
2905 34
2906 7
2907 41
2908 6
2909 50
2910 27
2911 29
2912 19
2913 18
2914 25
2915 44
2916 46
2917 42
2918 17
2919 55
2920 34
2921 33
2922 54
2923 38
2924 52
2925 25
2926 35
2927 51
2928 33
2929 26
2930 24
2931 17
2932 53
2933 35
2934 20
2935 18
2936 14
2937 38
2938 27
2939 21
2940 34
2941 12
2942 8
2943 7
2944 31
2945 22
2946 33
2947 7
2948 36
2949 32
2950 50
2951 44
2952 12
2953 49
2954 40
2955 20
2956 38
2957 16
2958 36
2959 6
2960 52
2961 16
2962 29
2963 44
2964 6
2965 47
2966 6
2967 16
2968 28
2969 23
2970 13
2971 26
2972 32
2973 32
2974 28
2975 39
2976 27
2977 16
2978 7
2979 19
2980 18
2981 52
2982 53
2983 8
2984 23
2985 22
2986 49
2987 52
2988 21
2989 29
2990 7
2991 10
2992 50
2993 49
2994 51
2995 53
2996 17
2997 31
2998 38
2999 34
3000 17
3001 20
3002 11
3003 33
3004 24
3005 49
3006 50
3007 15
3008 38
3009 15
3010 41
3011 35
3012 52
3013 54
3014 29
3015 23
3016 50
3017 31
3018 27
3019 27
3020 30
3021 35
3022 23
3023 48
3024 49
3025 23
3026 49
3027 6
3028 40
3029 32
3030 39
3031 28
3032 18
3033 33
3034 19
3035 48
3036 45
3037 37
3038 30
3039 46
3040 46
3041 6
3042 5
3043 40
3044 9
3045 23
3046 51
3047 27
3048 27
3049 26
3050 27
3051 14
3052 5
3053 11
3054 24
3055 24
3056 41
3057 37
3058 37
3059 41
3060 40
3061 30
3062 29
3063 48
3064 17
3065 34
3066 45
3067 32
3068 19
3069 55
3070 23
3071 28
3072 33
3073 47
3074 7
3075 25
3076 54
3077 7
3078 10
3079 52
3080 42
3081 31
3082 36
3083 42
3084 5
3085 50
3086 49
3087 9
3088 49
3089 35
3090 10
3091 48
3092 26
3093 13
3094 22
3095 33
3096 23
3097 22
3098 26
3099 25
3100 35
3101 24
3102 49
3103 29
3104 8
3105 18
3106 34
3107 8
3108 33
3109 13
3110 44
3111 48
3112 54
3113 43
3114 44
3115 11
3116 47
3117 50
3118 28
3119 14
3120 42
3121 35
3122 24
3123 24
3124 14
3125 6
3126 51
3127 15
3128 25
3129 16
3130 34
3131 22
3132 40
3133 24
3134 24
3135 32
3136 30
3137 49
3138 55
3139 13
3140 38
3141 32
3142 30
3143 26
3144 53
3145 29
3146 52
3147 32
3148 37
3149 46
3150 13
3151 18
3152 44
3153 27
3154 38
3155 19
3156 14
3157 18
3158 43
3159 42
3160 36
3161 10
3162 22
3163 44
3164 50
3165 45
3166 10
3167 8
3168 34
3169 42
3170 47
3171 41
3172 17
3173 41
3174 45
3175 21
3176 26
3177 34
3178 40
3179 41
3180 22
3181 8
3182 25
3183 14
3184 25
3185 24
3186 20
3187 11
3188 45
3189 20
3190 47
3191 27
3192 17
3193 45
3194 25
3195 17
3196 41
3197 11
3198 37
3199 25
3200 5
3201 20
3202 17
3203 22
3204 12
3205 28
3206 8
3207 29
3208 12
3209 18
3210 47
3211 28
3212 34
3213 43
3214 29
3215 14
3216 11
3217 38
3218 20
3219 32
3220 15
3221 40
3222 54
3223 53
3224 35
3225 32
3226 35
3227 22
3228 55
3229 9
3230 30
3231 13
3232 30
3233 31
3234 33
3235 16
3236 25
3237 39
3238 34
3239 12
3240 52
3241 46
3242 45
3243 15
3244 22
3245 40
3246 33
3247 20
3248 27
3249 24
3250 44
3251 20
3252 49
3253 17
3254 49
3255 13
3256 29
3257 33
3258 51
3259 19
3260 43
3261 35
3262 7
3263 47
3264 46
3265 44
3266 42
3267 11
3268 48
3269 32
3270 6
3271 28
3272 34
3273 27
3274 9
3275 49
3276 45
3277 50
3278 17
3279 26
3280 46
3281 40
3282 55
3283 13
3284 29
3285 30
3286 41
3287 51
3288 41
3289 31
3290 28
3291 20
3292 48
3293 18
3294 9
3295 13
3296 16
3297 51
3298 47
3299 26
3300 9
3301 26
3302 53
3303 48
3304 52
3305 42
3306 26
3307 33
3308 26
3309 8
3310 5
3311 41
3312 19
3313 15
3314 50
3315 33
3316 30
3317 10
3318 53
3319 42
3320 11
3321 7
3322 55
3323 43
3324 50
3325 25
3326 44
3327 20
3328 55
3329 16
3330 37
3331 55
3332 53
3333 22
3334 21
3335 8
3336 21
3337 48
3338 36
3339 48
3340 53
3341 12
3342 42
3343 43
3344 50
3345 49
3346 31
3347 51
3348 15
3349 31
3350 5
3351 34
3352 33
3353 15
3354 52
3355 33
3356 43
3357 32
3358 14
3359 39
3360 51
3361 29
3362 54
3363 48
3364 33
3365 35
3366 55
3367 15
3368 10
3369 45
3370 13
3371 30
3372 49
3373 18
3374 38
3375 50
3376 13
3377 16
3378 33
3379 18
3380 8
3381 20
3382 39
3383 40
3384 24
3385 32
3386 47
3387 15
3388 33
3389 26
3390 42
3391 8
3392 45
3393 23
3394 24
3395 9
3396 47
3397 36
3398 39
3399 13
3400 39
3401 35
3402 12
3403 44
3404 55
3405 15
3406 51
3407 19
3408 14
3409 13
3410 48
3411 18
3412 23
3413 21
3414 11
3415 39
3416 55
3417 5
3418 21
3419 19
3420 40
3421 52
3422 21
3423 34
3424 53
3425 32
3426 31
3427 23
3428 50
3429 35
3430 30
3431 41
3432 25
3433 41
3434 23
3435 31
3436 20
3437 6
3438 33
3439 54
3440 32
3441 9
3442 24
3443 9
3444 37
3445 33
3446 53
3447 51
3448 44
3449 8
3450 45
3451 26
3452 48
3453 42
3454 36
3455 11
3456 41
3457 10
3458 14
3459 50
3460 13
3461 49
3462 31
3463 51
3464 14
3465 31
3466 13
3467 40
3468 36
3469 55
3470 31
3471 44
3472 45
3473 45
3474 43
3475 5
3476 14
3477 43
3478 34
3479 37
3480 11
3481 9
3482 39
3483 49
3484 27
3485 12
3486 19
3487 28
3488 54
3489 13
3490 45
3491 30
3492 48
3493 7
3494 35
3495 39
3496 53
3497 52
3498 10
3499 22
3500 5
3501 54
3502 10
3503 50
3504 9
3505 11
3506 42
3507 24
3508 8
3509 47
3510 50
3511 53
3512 31
3513 27
3514 8
3515 52
3516 13
3517 16
3518 21
3519 14
3520 33
3521 39
3522 27
3523 35
3524 24
3525 50
3526 7
3527 16
3528 12
3529 17
3530 22
3531 6
3532 19
3533 38
3534 32
3535 21
3536 32
3537 20
3538 40
3539 37
3540 37
3541 51
3542 11
3543 16
3544 23
3545 23
3546 41
3547 30
3548 55
3549 39
3550 11
3551 41
3552 49
3553 37
3554 49
3555 36
3556 54
3557 24
3558 8
3559 10
3560 41
3561 41
3562 42
3563 27
3564 32
3565 23
3566 26
3567 23
3568 20
3569 31
3570 16
3571 19
3572 29
3573 46
3574 26
3575 13
3576 37
3577 38
3578 6
3579 7
3580 37
3581 29
3582 31
3583 44
3584 21
3585 55
3586 49
3587 37
3588 35
3589 14
3590 41
3591 42
3592 37
3593 34
3594 40
3595 47
3596 13
3597 11
3598 15
3599 39
3600 6
3601 26
3602 28
3603 52
3604 27
3605 9
3606 44
3607 22
3608 44
3609 54
3610 31
3611 35
3612 9
3613 44
3614 38
3615 28
3616 21
3617 34
3618 5
3619 18
3620 6
3621 40
3622 30
3623 45
3624 24
3625 30
3626 48
3627 32
3628 43
3629 42
3630 45
3631 44
3632 49
3633 10
3634 17
3635 15
3636 39
3637 28
3638 38
3639 11
3640 46
3641 5
3642 23
3643 45
3644 11
3645 50
3646 36
3647 12
3648 45
3649 16
3650 25
3651 41
3652 18
3653 5
3654 17
3655 47
3656 27
3657 36
3658 26
3659 54
3660 15
3661 10
3662 29
3663 53
3664 32
3665 12
3666 31
3667 48
3668 8
3669 49
3670 46
3671 42
3672 17
3673 48
3674 22
3675 46
3676 18
3677 24
3678 50
3679 33
3680 40
3681 17
3682 21
3683 18
3684 9
3685 25
3686 41
3687 16
3688 21
3689 32
3690 18
3691 36
3692 13
3693 25
3694 25
3695 47
3696 43
3697 7
3698 51
3699 16
3700 45
3701 54
3702 54
3703 40
3704 9
3705 6
3706 52
3707 28
3708 44
3709 6
3710 20
3711 43
3712 55
3713 48
3714 40
3715 44
3716 31
3717 24
3718 33
3719 14
3720 35
3721 17
3722 28
3723 8
3724 9
3725 55
3726 35
3727 51
3728 41
3729 17
3730 12
3731 15
3732 18
3733 9
3734 16
3735 23
3736 50
3737 10
3738 15
3739 33
3740 16
3741 19
3742 37
3743 36
3744 12
3745 42
3746 9
3747 39
3748 25
3749 38
3750 20
3751 15
3752 44
3753 43
3754 11
3755 26
3756 37
3757 51
3758 7
3759 28
3760 38
3761 39
3762 35
3763 44
3764 38
3765 46
3766 31
3767 53
3768 39
3769 31
3770 51
3771 34
3772 28
3773 45
3774 30
3775 23
3776 38
3777 5
3778 15
3779 5
3780 20
3781 9
3782 48
3783 39
3784 26
3785 31
3786 33
3787 53
3788 19
3789 53
3790 8
3791 36
3792 48
3793 41
3794 45
3795 29
3796 28
3797 48
3798 43
3799 27
3800 33
3801 14
3802 26
3803 5
3804 6
3805 53
3806 52
3807 31
3808 33
3809 21
3810 50
3811 23
3812 7
3813 20
3814 7
3815 18
3816 37
3817 25
3818 41
3819 51
3820 42
3821 33
3822 49
3823 48
3824 33
3825 12
3826 51
3827 28
3828 25
3829 13
3830 15
3831 15
3832 34
3833 55
3834 42
3835 53
3836 21
3837 45
3838 23
3839 54
3840 48
3841 14
3842 36
3843 24
3844 17
3845 37
3846 35
3847 29
3848 29
3849 45
3850 13
3851 16
3852 54
3853 51
3854 9
3855 25
3856 7
3857 19
3858 43
3859 27
3860 26
3861 53
3862 29
3863 52
3864 49
3865 42
3866 55
3867 34
3868 25
3869 35
3870 35
3871 24
3872 35
3873 10
3874 6
3875 48
3876 44
3877 32
3878 34
3879 13
3880 8
3881 27
3882 38
3883 46
3884 42
3885 25
3886 15
3887 26
3888 12
3889 21
3890 18
3891 15
3892 21
3893 31
3894 37
3895 9
3896 6
3897 41
3898 55
3899 11
3900 15
3901 22
3902 46
3903 20
3904 22
3905 8
3906 23
3907 34
3908 44
3909 44
3910 30
3911 54
3912 33
3913 38
3914 5
3915 42
3916 34
3917 33
3918 38
3919 20
3920 12
3921 29
3922 30
3923 35
3924 36
3925 29
3926 35
3927 31
3928 40
3929 13
3930 14
3931 52
3932 49
3933 42
3934 37
3935 34
3936 12
3937 26
3938 6
3939 29
3940 36
3941 42
3942 41
3943 26
3944 32
3945 10
3946 43
3947 35
3948 43
3949 40
3950 40
3951 21
3952 49
3953 23
3954 42
3955 10
3956 33
3957 8
3958 41
3959 50
3960 31
3961 18
3962 37
3963 24
3964 19
3965 10
3966 6
3967 24
3968 10
3969 7
3970 10
3971 6
3972 6
3973 6
3974 29
3975 46
3976 40
3977 53
3978 33
3979 36
3980 20
3981 46
3982 30
3983 36
3984 15
3985 7
3986 45
3987 41
3988 42
3989 44
3990 13
3991 40
3992 37
3993 37
3994 32
3995 54
3996 38
3997 34
3998 49
3999 15
4000 48
4001 18
4002 18
4003 46
4004 50
4005 5
4006 29
4007 46
4008 15
4009 47
4010 13
4011 31
4012 8
4013 8
4014 38
4015 33
4016 29
4017 34
4018 15
4019 7
4020 53
4021 17
4022 34
4023 42
4024 44
4025 49
4026 45
4027 43
4028 52
4029 51
4030 26
4031 25
4032 54
4033 48
4034 46
4035 54
4036 27
4037 14
4038 18
4039 51
4040 15
4041 20
4042 30
4043 14
4044 10
4045 47
4046 36
4047 25
4048 8
4049 54
4050 10
4051 44
4052 45
4053 50
4054 52
4055 13
4056 9
4057 32
4058 48
4059 49
4060 45
4061 11
4062 21
4063 12
4064 35
4065 30
4066 17
4067 40
4068 36
4069 45
4070 43
4071 24
4072 29
4073 24
4074 38
4075 32
4076 44
4077 17
4078 15
4079 17
4080 49
4081 12
4082 20
4083 39
4084 35
4085 44
4086 36
4087 28
4088 45
4089 10
4090 49
4091 33
4092 17
4093 50
4094 38
4095 25
4096 51
4097 51
4098 38
4099 46
4100 39
4101 17
4102 45
4103 50
4104 13
4105 6
4106 21
4107 33
4108 39
4109 8
4110 40
4111 55
4112 46
4113 31
4114 15
4115 33
4116 55
4117 39
4118 50
4119 25
4120 11
4121 7
4122 37
4123 8
4124 32
4125 35
4126 21
4127 31
4128 33
4129 39
4130 20
4131 39
4132 35
4133 40
4134 9
4135 50
4136 32
4137 14
4138 23
4139 49
4140 39
4141 19
4142 15
4143 48
4144 20
4145 53
4146 26
4147 23
4148 21
4149 35
4150 27
4151 36
4152 21
4153 17
4154 6
4155 19
4156 37
4157 49
4158 38
4159 37
4160 16
4161 51
4162 33
4163 18
4164 37
4165 54
4166 43
4167 39
4168 22
4169 17
4170 18
4171 36
4172 52
4173 12
4174 18
4175 50
4176 45
4177 41
4178 10
4179 34
4180 45
4181 41
4182 22
4183 34
4184 37
4185 7
4186 38
4187 40
4188 48
4189 5
4190 24
4191 15
4192 36
4193 36
4194 55
4195 34
4196 21
4197 36
4198 20
4199 48
4200 22
4201 30
4202 36
4203 31
4204 47
4205 6
4206 44
4207 32
4208 41
4209 34
4210 11
4211 43
4212 18
4213 26
4214 30
4215 8
4216 48
4217 45
4218 14
4219 44
4220 16
4221 30
4222 34
4223 32
4224 52
4225 44
4226 16
4227 18
4228 29
4229 24
4230 36
4231 50
4232 45
4233 43
4234 17
4235 51
4236 34
4237 6
4238 7
4239 54
4240 34
4241 43
4242 5
4243 34
4244 53
4245 47
4246 17
4247 40
4248 17
4249 42
4250 28
4251 39
4252 7
4253 8
4254 45
4255 44
4256 25
4257 48
4258 10
4259 30
4260 11
4261 16
4262 55
4263 8
4264 31
4265 17
4266 5
4267 14
4268 9
4269 29
4270 17
4271 42
4272 21
4273 26
4274 22
4275 17
4276 17
4277 41
4278 23
4279 25
4280 10
4281 34
4282 54
4283 33
4284 49
4285 36
4286 49
4287 50
4288 18
4289 16
4290 34
4291 6
4292 11
4293 43
4294 34
4295 54
4296 22
4297 40
4298 5
4299 21
4300 34
4301 24
4302 55
4303 16
4304 55
4305 39
4306 53
4307 8
4308 26
4309 9
4310 26
4311 27
4312 18
4313 29
4314 46
4315 39
4316 35
4317 18
4318 10
4319 38
4320 46
4321 17
4322 16
4323 15
4324 6
4325 48
4326 54
4327 6
4328 32
4329 40
4330 50
4331 49
4332 30
4333 53
4334 42
4335 11
4336 34
4337 36
4338 40
4339 52
4340 50
4341 13
4342 27
4343 27
4344 34
4345 9
4346 19
4347 50
4348 43
4349 47
4350 39
4351 14
4352 45
4353 14
4354 20
4355 28
4356 41
4357 35
4358 35
4359 31
4360 30
4361 24
4362 5
4363 28
4364 35
4365 11
4366 23
4367 29
4368 36
4369 16
4370 37
4371 46
4372 52
4373 47
4374 22
4375 45
4376 49
4377 28
4378 18
4379 36
4380 43
4381 48
4382 12
4383 52
4384 31
4385 46
4386 38
4387 46
4388 21
4389 15
4390 20
4391 6
4392 34
4393 19
4394 21
4395 19
4396 48
4397 30
4398 36
4399 38
4400 14
4401 31
4402 5
4403 16
4404 31
4405 42
4406 25
4407 44
4408 6
4409 36
4410 45
4411 48
4412 41
4413 6
4414 52
4415 38
4416 19
4417 47
4418 21
4419 46
4420 14
4421 39
4422 47
4423 54
4424 10
4425 52
4426 54
4427 12
4428 34
4429 26
4430 11
4431 46
4432 21
4433 50
4434 11
4435 47
4436 27
4437 38
4438 20
4439 54
4440 51
4441 33
4442 8
4443 13
4444 6
4445 19
4446 51
4447 55
4448 25
4449 51
4450 28
4451 11
4452 5
4453 38
4454 47
4455 9
4456 31
4457 43
4458 13
4459 26
4460 18
4461 26
4462 53
4463 55
4464 35
4465 18
4466 27
4467 44
4468 16
4469 10
4470 35
4471 18
4472 26
4473 15
4474 51
4475 15
4476 24
4477 19
4478 45
4479 46
4480 41
4481 11
4482 23
4483 5
4484 14
4485 30
4486 44
4487 29
4488 40
4489 14
4490 22
4491 6
4492 16
4493 15
4494 31
4495 5
4496 11
4497 53
4498 35
4499 48
4500 14
4501 22
4502 45
4503 51
4504 54
4505 54
4506 19
4507 16
4508 14
4509 21
4510 41
4511 51
4512 35
4513 33
4514 27
4515 17
4516 26
4517 46
4518 10
4519 5
4520 34
4521 7
4522 31
4523 29
4524 31
4525 17
4526 12
4527 33
4528 6
4529 17
4530 48
4531 52
4532 50
4533 44
4534 40
4535 54
4536 30
4537 12
4538 44
4539 5
4540 12
4541 29
4542 40
4543 49
4544 50
4545 42
4546 46
4547 16
4548 12
4549 48
4550 36
4551 25
4552 9
4553 15
4554 49
4555 52
4556 29
4557 12
4558 32
4559 12
4560 26
4561 24
4562 10
4563 51
4564 12
4565 31
4566 34
4567 47
4568 27
4569 33
4570 12
4571 28
4572 16
4573 28
4574 35
4575 10
4576 30
4577 10
4578 13
4579 52
4580 8
4581 10
4582 55
4583 43
4584 39
4585 51
4586 41
4587 29
4588 40
4589 44
4590 45
4591 8
4592 28
4593 33
4594 49
4595 47
4596 9
4597 51
4598 32
4599 16
4600 43
4601 28
4602 19
4603 7
4604 12
4605 15
4606 19
4607 22
4608 47
4609 10
4610 49
4611 52
4612 40
4613 17
4614 46
4615 27
4616 20
4617 24
4618 30
4619 53
4620 32
4621 39
4622 50
4623 29
4624 19
4625 52
4626 23
4627 19
4628 7
4629 55
4630 13
4631 15
4632 52
4633 31
4634 16
4635 20
4636 50
4637 25
4638 49
4639 13
4640 19
4641 9
4642 26
4643 46
4644 17
4645 38
4646 32
4647 12
4648 54
4649 20
4650 47
4651 11
4652 36
4653 8
4654 16
4655 50
4656 8
4657 35
4658 49
4659 50
4660 39
4661 29
4662 46
4663 38
4664 27
4665 26
4666 36
4667 22
4668 17
4669 23
4670 29
4671 55
4672 45
4673 26
4674 54
4675 46
4676 18
4677 52
4678 33
4679 53
4680 13
4681 46
4682 27
4683 27
4684 21
4685 27
4686 33
4687 36
4688 30
4689 10
4690 49
4691 26
4692 22
4693 47
4694 21
4695 43
4696 45
4697 43
4698 18
4699 51
4700 40
4701 12
4702 33
4703 30
4704 21
4705 22
4706 45
4707 14
4708 55
4709 23
4710 9
4711 40
4712 26
4713 28
4714 16
4715 24
4716 21
4717 52
4718 8
4719 44
4720 46
4721 29
4722 53
4723 40
4724 43
4725 14
4726 24
4727 33
4728 6
4729 34
4730 37
4731 41
4732 34
4733 31
4734 28
4735 43
4736 46
4737 36
4738 21
4739 46
4740 30
4741 27
4742 44
4743 10
4744 17
4745 45
4746 40
4747 6
4748 7
4749 50
4750 19
4751 22
4752 15
4753 14
4754 24
4755 11
4756 19
4757 24
4758 34
4759 51
4760 13
4761 50
4762 46
4763 14
4764 51
4765 52
4766 28
4767 38
4768 43
4769 52
4770 35
4771 37
4772 9
4773 49
4774 39
4775 40
4776 39
4777 20
4778 29
4779 30
4780 13
4781 50
4782 39
4783 35
4784 51
4785 35
4786 31
4787 39
4788 38
4789 54
4790 50
4791 6
4792 18
4793 14
4794 6
4795 15
4796 6
4797 7
4798 38
4799 26
4800 38
4801 51
4802 20
4803 38
4804 46
4805 32
4806 41
4807 46
4808 45
4809 28
4810 52
4811 6
4812 38
4813 14
4814 33
4815 15
4816 15
4817 36
4818 51
4819 25
4820 21
4821 16
4822 39
4823 25
4824 49
4825 23
4826 38
4827 45
4828 5
4829 17
4830 10
4831 33
4832 29
4833 12
4834 48
4835 53
4836 33
4837 33
4838 39
4839 11
4840 39
4841 10
4842 53
4843 27
4844 15
4845 44
4846 38
4847 9
4848 47
4849 8
4850 14
4851 53
4852 55
4853 33
4854 15
4855 51
4856 11
4857 20
4858 39
4859 8
4860 41
4861 8
4862 16
4863 54
4864 47
4865 15
4866 39
4867 42
4868 25
4869 17
4870 44
4871 15
4872 25
4873 37
4874 12
4875 34
4876 21
4877 44
4878 9
4879 6
4880 35
4881 40
4882 39
4883 5
4884 14
4885 39
4886 11
4887 14
4888 34
4889 21
4890 20
4891 14
4892 18
4893 20
4894 21
4895 46
4896 39
4897 8
4898 25
4899 17
4900 15
4901 34
4902 11
4903 20
4904 34
4905 20
4906 40
4907 27
4908 42
4909 34
4910 48
4911 12
4912 44
4913 43
4914 45
4915 24
4916 11
4917 25
4918 55
4919 44
4920 49
4921 15
4922 18
4923 49
4924 32
4925 27
4926 9
4927 37
4928 10
4929 15
4930 46
4931 45
4932 11
4933 46
4934 15
4935 39
4936 48
4937 26
4938 6
4939 6
4940 55
4941 44
4942 23
4943 23
4944 40
4945 26
4946 39
4947 52
4948 22
4949 21
4950 16
4951 30
4952 10
4953 40
4954 32
4955 54
4956 40
4957 11
4958 37
4959 44
4960 40
4961 30
4962 20
4963 46
4964 8
4965 22
4966 49
4967 43
4968 21
4969 38
4970 35
4971 28
4972 48
4973 12
4974 50
4975 52
4976 39
4977 45
4978 5
4979 11
4980 37
4981 15
4982 11
4983 55
4984 55
4985 52
4986 38
4987 25
4988 36
4989 18
4990 26
4991 27
4992 5
4993 48
4994 25
4995 44
4996 14
4997 18
4998 26
4999 24
5000 15
5001 39
5002 33
5003 27
5004 23
5005 38
5006 36
5007 30
5008 35
5009 5
5010 39
5011 28
5012 32
5013 55
5014 52
5015 18
5016 36
5017 9
5018 24
5019 36
5020 5
5021 26
5022 47
5023 34
5024 40
5025 6
5026 22
5027 17
5028 26
5029 27
5030 55
5031 41
5032 10
5033 8
5034 41
5035 43
5036 23
5037 31
5038 36
5039 27
5040 45
5041 34
5042 39
5043 33
5044 49
5045 50
5046 17
5047 36
5048 15
5049 42
5050 6
5051 14
5052 22
5053 25
5054 11
5055 34
5056 47
5057 46
5058 26
5059 22
5060 29
5061 24
5062 37
5063 41
5064 43
5065 53
5066 54
5067 16
5068 50
5069 34
5070 48
5071 30
5072 37
5073 55
5074 13
5075 9
5076 41
5077 44
5078 7
5079 41
5080 52
5081 53
5082 36
5083 43
5084 18
5085 39
5086 53
5087 9
5088 8
5089 27
5090 35
5091 21
5092 20
5093 46
5094 20
5095 42
5096 47
5097 21
5098 51
5099 45
5100 46
5101 54
5102 37
5103 19
5104 31
5105 15
5106 26
5107 46
5108 52
5109 15
5110 17
5111 30
5112 30
5113 14
5114 19
5115 31
5116 20
5117 54
5118 24
5119 9
5120 34
5121 33
5122 5
5123 29
5124 37
5125 13
5126 45
5127 48
5128 34
5129 12
5130 41
5131 27
5132 43
5133 54
5134 43
5135 14
5136 24
5137 10
5138 50
5139 33
5140 36
5141 29
5142 35
5143 20
5144 13
5145 26
5146 20
5147 46
5148 14
5149 38
5150 46
5151 51
5152 55
5153 46
5154 50
5155 13
5156 30
5157 34
5158 49
5159 8
5160 40
5161 48
5162 17
5163 19
5164 8
5165 9
5166 46
5167 27
5168 36
5169 33
5170 11
5171 18
5172 14
5173 34
5174 43
5175 17
5176 12
5177 33
5178 34
5179 28
5180 52
5181 47
5182 35
5183 41
5184 30
5185 44
5186 12
5187 48
5188 11
5189 24
5190 10
5191 39
5192 27
5193 22
5194 55
5195 53
5196 50
5197 29
5198 22
5199 9
5200 14
5201 23
5202 48
5203 26
5204 42
5205 40
5206 45
5207 43
5208 15
5209 26
5210 39
5211 27
5212 45
5213 19
5214 53
5215 26
5216 21
5217 27
5218 18
5219 8
5220 33
5221 11
5222 6
5223 19
5224 9
5225 51
5226 9
5227 41
5228 37
5229 36
5230 43
5231 33
5232 32
5233 19
5234 51
5235 34
5236 15
5237 41
5238 38
5239 37
5240 35
5241 48
5242 46
5243 19
5244 21
5245 8
5246 53
5247 25
5248 38
5249 48
5250 28
5251 26
5252 9
5253 7
5254 31
5255 22
5256 26
5257 48
5258 20
5259 24
5260 55
5261 8
5262 48
5263 6
5264 11
5265 5
5266 44
5267 25
5268 43
5269 18
5270 14
5271 5
5272 37
5273 10
5274 45
5275 35
5276 22
5277 23
5278 37
5279 17
5280 16
5281 26
5282 6
5283 36
5284 43
5285 35
5286 22
5287 10
5288 41
5289 26
5290 31
5291 47
5292 24
5293 12
5294 20
5295 9
5296 53
5297 16
5298 11
5299 10
5300 22
5301 9
5302 35
5303 46
5304 37
5305 50
5306 10
5307 31
5308 49
5309 34
5310 49
5311 27
5312 45
5313 32
5314 52
5315 25
5316 25
5317 53
5318 16
5319 41
5320 45
5321 46
5322 21
5323 33
5324 31
5325 50
5326 16
5327 34
5328 6
5329 7
5330 40
5331 31
5332 39
5333 16
5334 6
5335 21
5336 23
5337 49
5338 25
5339 24
5340 45
5341 23
5342 52
5343 17
5344 34
5345 7
5346 43
5347 10
5348 11
5349 25
5350 39
5351 35
5352 30
5353 37
5354 25
5355 35
5356 49
5357 29
5358 34
5359 15
5360 48
5361 6
5362 51
5363 30
5364 15
5365 50
5366 54
5367 9
5368 15
5369 39
5370 52
5371 55
5372 41
5373 54
5374 5
5375 20
5376 26
5377 17
5378 16
5379 15
5380 18
5381 34
5382 13
5383 30
5384 12
5385 32
5386 32
5387 35
5388 38
5389 48
5390 16
5391 30
5392 54
5393 16
5394 47
5395 31
5396 15
5397 53
5398 47
5399 10
5400 29
5401 24
5402 8
5403 17
5404 29
5405 54
5406 12
5407 32
5408 33
5409 24
5410 16
5411 37
5412 53
5413 39
5414 33
5415 5
5416 10
5417 31
5418 44
5419 42
5420 24
5421 11
5422 27
5423 22
5424 52
5425 8
5426 37
5427 37
5428 38
5429 8
5430 25
5431 34
5432 34
5433 5
5434 49
5435 15
5436 16
5437 34
5438 45
5439 42
5440 21
5441 38
5442 45
5443 7
5444 34
5445 15
5446 34
5447 7
5448 18
5449 11
5450 40
5451 21
5452 21
5453 12
5454 47
5455 50
5456 20
5457 6
5458 40
5459 27
5460 21
5461 30
5462 48
5463 9
5464 47
5465 32
5466 32
5467 49
5468 47
5469 16
5470 20
5471 29
5472 6
5473 16
5474 6
5475 31
5476 19
5477 45
5478 47
5479 49
5480 55
5481 45
5482 6
5483 42
5484 31
5485 51
5486 28
5487 14
5488 38
5489 29
5490 27
5491 37
5492 18
5493 21
5494 19
5495 34
5496 40
5497 25
5498 24
5499 28
5500 31
5501 6
5502 25
5503 16
5504 31
5505 15
5506 19
5507 23
5508 55
5509 22
5510 24
5511 32
5512 14
5513 27
5514 40
5515 50
5516 42
5517 39
5518 43
5519 32
5520 34
5521 16
5522 5
5523 6
5524 44
5525 16
5526 11
5527 17
5528 34
5529 5
5530 22
5531 12
5532 13
5533 22
5534 15
5535 41
5536 38
5537 39
5538 54
5539 47
5540 49
5541 26
5542 35
5543 53
5544 20
5545 25
5546 16
5547 45
5548 34
5549 24
5550 32
5551 12
5552 41
5553 10
5554 13
5555 25
5556 50
5557 11
5558 17
5559 40
5560 23
5561 13
5562 34
5563 45
5564 29
5565 39
5566 42
5567 6
5568 45
5569 36
5570 13
5571 22
5572 26
5573 19
5574 19
5575 23
5576 16
5577 32
5578 20
5579 9
5580 22
5581 38
5582 31
5583 5
5584 14
5585 47
5586 20
5587 44
5588 29
5589 38
5590 50
5591 44
5592 7
5593 39
5594 45
5595 43
5596 27
5597 20
5598 49
5599 35
5600 46
5601 6
5602 9
5603 49
5604 21
5605 52
5606 37
5607 20
5608 54
5609 10
5610 42
5611 52
5612 37
5613 21
5614 19
5615 52
5616 35
5617 10
5618 53
5619 9
5620 37
5621 38
5622 40
5623 18
5624 32
5625 46
5626 50
5627 30
5628 43
5629 12
5630 28
5631 37
5632 12
5633 45
5634 10
5635 54
5636 32
5637 6
5638 16
5639 12
5640 27
5641 46
5642 28
5643 8
5644 21
5645 28
5646 46
5647 34
5648 38
5649 34
5650 46
5651 27
5652 42
5653 13
5654 13
5655 13
5656 47
5657 43
5658 50
5659 34
5660 52
5661 22
5662 12
5663 17
5664 39
5665 47
5666 41
5667 42
5668 48
5669 28
5670 7
5671 13
5672 13
5673 22
5674 10
5675 48
5676 6
5677 20
5678 5
5679 27
5680 30
5681 22
5682 39
5683 31
5684 23
5685 25
5686 18
5687 23
5688 27
5689 11
5690 53
5691 11
5692 40
5693 44
5694 5
5695 19
5696 48
5697 52
5698 7
5699 25
5700 43
5701 47
5702 52
5703 47
5704 11
5705 22
5706 50
5707 14
5708 36
5709 45
5710 37
5711 47
5712 21
5713 29
5714 31
5715 8
5716 53
5717 47
5718 42
5719 34
5720 49
5721 9
5722 51
5723 21
5724 11
5725 28
5726 6
5727 31
5728 11
5729 51
5730 25
5731 42
5732 31
5733 51
5734 12
5735 34
5736 47
5737 23
5738 41
5739 7
5740 44
5741 35
5742 48
5743 24
5744 23
5745 53
5746 53
5747 24
5748 12
5749 33
5750 46
5751 48
5752 35
5753 38
5754 14
5755 28
5756 55
5757 14
5758 32
5759 29
5760 53
5761 55
5762 39
5763 35
5764 41
5765 41
5766 47
5767 33
5768 47
5769 53
5770 34
5771 30
5772 26
5773 8
5774 15
5775 8
5776 46
5777 43
5778 14
5779 23
5780 23
5781 53
5782 9
5783 31
5784 40
5785 22
5786 24
5787 24
5788 46
5789 50
5790 47
5791 33
5792 45
5793 48
5794 53
5795 53
5796 37
5797 52
5798 6
5799 20
5800 12
5801 35
5802 37
5803 15
5804 42
5805 18
5806 13
5807 13
5808 26
5809 19
5810 12
5811 6
5812 47
5813 7
5814 5
5815 45
5816 41
5817 12
5818 42
5819 6
5820 53
5821 42
5822 55
5823 28
5824 14
5825 37
5826 52
5827 44
5828 23
5829 54
5830 11
5831 40
5832 49
5833 43
5834 40
5835 25
5836 14
5837 53
5838 6
5839 21
5840 26
5841 27
5842 46
5843 24
5844 29
5845 37
5846 55
5847 39
5848 42
5849 54
5850 10
5851 52
5852 54
5853 35
5854 9
5855 15
5856 10
5857 27
5858 52
5859 13
5860 15
5861 25
5862 29
5863 25
5864 6
5865 45
5866 15
5867 48
5868 53
5869 35
5870 32
5871 30
5872 35
5873 55
5874 49
5875 10
5876 6
5877 36
5878 17
5879 32
5880 21
5881 39
5882 55
5883 12
5884 16
5885 32
5886 31
5887 40
5888 9
5889 20
5890 29
5891 48
5892 20
5893 9
5894 45
5895 26
5896 18
5897 9
5898 43
5899 54
5900 9
5901 49
5902 21
5903 53
5904 43
5905 18
5906 37
5907 24
5908 30
5909 40
5910 27
5911 32
5912 8
5913 9
5914 8
5915 23
5916 48
5917 22
5918 10
5919 35
5920 39
5921 42
5922 38
5923 5
5924 32
5925 29
5926 10
5927 10
5928 39
5929 51
5930 7
5931 40
5932 44
5933 37
5934 22
5935 44
5936 37
5937 28
5938 31
5939 55
5940 10
5941 14
5942 37
5943 39
5944 10
5945 55
5946 36
5947 21
5948 16
5949 28
5950 32
5951 53
5952 52
5953 14
5954 43
5955 6
5956 30
5957 47
5958 29
5959 36
5960 48
5961 7
5962 28
5963 8
5964 34
5965 5
5966 33
5967 28
5968 10
5969 42
5970 38
5971 21
5972 24
5973 15
5974 16
5975 44
5976 8
5977 11
5978 9
5979 23
5980 55
5981 34
5982 52
5983 9
5984 51
5985 8
5986 39
5987 18
5988 37
5989 6
5990 17
5991 28
5992 54
5993 14
5994 54
5995 16
5996 17
5997 41
5998 15
5999 15
6000 29
6001 44
6002 16
6003 47
6004 37
6005 29
6006 8
6007 31
6008 35
6009 12
6010 32
6011 23
6012 7
6013 10
6014 42
6015 15
6016 16
6017 16
6018 54
6019 43
6020 10
6021 16
6022 39
6023 27
6024 38
6025 55
6026 17
6027 46
6028 22
6029 44
6030 29
6031 13
6032 10
6033 11
6034 36
6035 31
6036 50
6037 5
6038 48
6039 50
6040 23
6041 41
6042 40
6043 22
6044 35
6045 34
6046 47
6047 21
6048 54
6049 5
6050 20
6051 31
6052 21
6053 16
6054 52
6055 42
6056 36
6057 8
6058 33
6059 12
6060 14
6061 22
6062 53
6063 42
6064 22
6065 22
6066 47
6067 5
6068 54
6069 53
6070 40
6071 14
6072 5
6073 26
6074 24
6075 47
6076 35
6077 21
6078 5
6079 42
6080 43
6081 11
6082 32
6083 41
6084 30
6085 33
6086 34
6087 20
6088 5
6089 54
6090 23
6091 32
6092 22
6093 22
6094 8
6095 37
6096 8
6097 51
6098 6
6099 53
6100 54
6101 14
6102 9
6103 8
6104 44
6105 19
6106 11
6107 54
6108 41
6109 21
6110 49
6111 37
6112 17
6113 21
6114 10
6115 8
6116 10
6117 27
6118 6
6119 28
6120 7
6121 43
6122 39
6123 52
6124 38
6125 47
6126 14
6127 29
6128 14
6129 19
6130 55
6131 37
6132 16
6133 20
6134 51
6135 5
6136 23
6137 47
6138 33
6139 54
6140 54
6141 42
6142 6
6143 30
6144 32
6145 20
6146 37
6147 50
6148 24
6149 46
6150 37
6151 22
6152 52
6153 24
6154 43
6155 48
6156 43
6157 37
6158 32
6159 39
6160 33
6161 22
6162 11
6163 25
6164 22
6165 8
6166 26
6167 44
6168 28
6169 29
6170 53
6171 37
6172 34
6173 5
6174 23
6175 13
6176 48
6177 38
6178 49
6179 31
6180 20
6181 46
6182 9
6183 25
6184 26
6185 19
6186 51
6187 48
6188 54
6189 42
6190 45
6191 27
6192 14
6193 28
6194 6
6195 11
6196 41
6197 54
6198 46
6199 7
6200 48
6201 13
6202 16
6203 48
6204 34
6205 41
6206 41
6207 43
6208 47
6209 53
6210 41
6211 53
6212 37
6213 44
6214 6
6215 53
6216 17
6217 46
6218 12
6219 9
6220 31
6221 22
6222 25
6223 21
6224 53
6225 26
6226 25
6227 47
6228 55
6229 41
6230 38
6231 17
6232 45
6233 41
6234 52
6235 7
6236 41
6237 38
6238 46
6239 18
6240 41
6241 17
6242 39
6243 40
6244 51
6245 42
6246 27
6247 9
6248 14
6249 46
6250 35
6251 47
6252 16
6253 48
6254 22
6255 43
6256 47
6257 30
6258 10
6259 34
6260 8
6261 39
6262 48
6263 39
6264 5
6265 28
6266 18
6267 43
6268 32
6269 48
6270 43
6271 30
6272 14
6273 31
6274 28
6275 47
6276 52
6277 27
6278 16
6279 19
6280 30
6281 8
6282 31
6283 50
6284 21
6285 49
6286 50
6287 25
6288 45
6289 25
6290 10
6291 32
6292 12
6293 28
6294 43
6295 26
6296 47
6297 38
6298 34
6299 9
6300 22
6301 55
6302 6
6303 34
6304 29
6305 14
6306 48
6307 36
6308 17
6309 22
6310 39
6311 19
6312 30
6313 48
6314 21
6315 37
6316 41
6317 41
6318 41
6319 23
6320 46
6321 20
6322 34
6323 51
6324 36
6325 24
6326 36
6327 53
6328 7
6329 5
6330 23
6331 16
6332 41
6333 5
6334 32
6335 54
6336 48
6337 13
6338 19
6339 44
6340 39
6341 10
6342 52
6343 43
6344 29
6345 45
6346 33
6347 33
6348 37
6349 50
6350 27
6351 29
6352 26
6353 45
6354 43
6355 6
6356 17
6357 25
6358 31
6359 5
6360 55
6361 14
6362 41
6363 27
6364 55
6365 30
6366 33
6367 53
6368 7
6369 45
6370 25
6371 38
6372 47
6373 33
6374 35
6375 7
6376 45
6377 8
6378 26
6379 42
6380 5
6381 36
6382 31
6383 53
6384 36
6385 29
6386 34
6387 17
6388 55
6389 43
6390 30
6391 41
6392 29
6393 21
6394 50
6395 33
6396 19
6397 45
6398 18
6399 12
6400 22
6401 49
6402 50
6403 39
6404 7
6405 43
6406 35
6407 54
6408 18
6409 45
6410 17
6411 42
6412 11
6413 21
6414 21
6415 21
6416 52
6417 22
6418 34
6419 32
6420 33
6421 23
6422 27
6423 54
6424 23
6425 29
6426 47
6427 55
6428 52
6429 25
6430 15
6431 30
6432 31
6433 11
6434 14
6435 22
6436 53
6437 55
6438 19
6439 36
6440 17
6441 5
6442 5
6443 22
6444 27
6445 12
6446 36
6447 53
6448 26
6449 25
6450 29
6451 54
6452 29
6453 46
6454 38
6455 33
6456 30
6457 40
6458 32
6459 43
6460 34
6461 9
6462 22
6463 45
6464 26
6465 46
6466 42
6467 18
6468 53
6469 15
6470 50
6471 24
6472 37
6473 14
6474 20
6475 19
6476 17
6477 23
6478 31
6479 31
6480 38
6481 8
6482 8
6483 36
6484 7
6485 25
6486 46
6487 7
6488 20
6489 52
6490 41
6491 27
6492 11
6493 41
6494 30
6495 35
6496 22
6497 31
6498 42
6499 7
6500 13
6501 32
6502 8
6503 31
6504 44
6505 21
6506 51
6507 52
6508 33
6509 32
6510 34
6511 32
6512 40
6513 40
6514 49
6515 15
6516 17
6517 40
6518 54
6519 47
6520 12
6521 12
6522 14
6523 38
6524 17
6525 29
6526 26
6527 24
6528 12
6529 50
6530 53
6531 53
6532 6
6533 51
6534 20
6535 11
6536 37
6537 46
6538 15
6539 43
6540 39
6541 26
6542 43
6543 23
6544 13
6545 13
6546 29
6547 55
6548 51
6549 24
6550 36
6551 39
6552 27
6553 16
6554 50
6555 39
6556 23
6557 38
6558 42
6559 24
6560 37
6561 55
6562 49
6563 20
6564 42
6565 49
6566 31
6567 33
6568 9
6569 31
6570 41
6571 18
6572 39
6573 25
6574 45
6575 12
6576 12
6577 43
6578 13
6579 22
6580 35
6581 24
6582 34
6583 36
6584 37
6585 29
6586 28
6587 20
6588 13
6589 47
6590 27
6591 39
6592 42
6593 22
6594 31
6595 28
6596 41
6597 40
6598 5
6599 8
6600 9
6601 17
6602 37
6603 7
6604 24
6605 38
6606 29
6607 25
6608 20
6609 40
6610 21
6611 13
6612 12
6613 22
6614 11
6615 8
6616 38
6617 17
6618 38
6619 24
6620 11
6621 15
6622 53
6623 15
6624 21
6625 50
6626 37
6627 53
6628 40
6629 47
6630 54
6631 41
6632 34
6633 19
6634 18
6635 45
6636 49
6637 31
6638 24
6639 53
6640 42
6641 14
6642 55
6643 30
6644 38
6645 9
6646 48
6647 16
6648 53
6649 16
6650 47
6651 52
6652 54
6653 18
6654 8
6655 13
6656 18
6657 34
6658 35
6659 17
6660 12
6661 5
6662 29
6663 25
6664 7
6665 48
6666 9
6667 17
6668 5
6669 30
6670 54
6671 28
6672 12
6673 24
6674 21
6675 51
6676 54
6677 12
6678 22
6679 39
6680 32
6681 12
6682 5
6683 54
6684 14
6685 11
6686 28
6687 39
6688 30
6689 18
6690 24
6691 6
6692 47
6693 35
6694 30
6695 20
6696 53
6697 12
6698 13
6699 17
6700 53
6701 25
6702 12
6703 25
6704 39
6705 49
6706 13
6707 34
6708 42
6709 43
6710 53
6711 19
6712 23
6713 37
6714 50
6715 37
6716 6
6717 37
6718 41
6719 9
6720 29
6721 45
6722 37
6723 55
6724 43
6725 15
6726 25
6727 55
6728 20
6729 17
6730 43
6731 14
6732 34
6733 37
6734 14
6735 9
6736 32
6737 41
6738 29
6739 43
6740 23
6741 48
6742 6
6743 17
6744 53
6745 22
6746 43
6747 35
6748 6
6749 48
6750 45
6751 13
6752 10
6753 53
6754 11
6755 26
6756 15
6757 8
6758 52
6759 21
6760 35
6761 18
6762 42
6763 35
6764 5
6765 24
6766 17
6767 38
6768 51
6769 52
6770 49
6771 16
6772 29
6773 35
6774 43
6775 9
6776 47
6777 45
6778 34
6779 39
6780 29
6781 32
6782 8
6783 53
6784 24
6785 26
6786 45
6787 38
6788 41
6789 41
6790 15
6791 5
6792 25
6793 16
6794 10
6795 31
6796 15
6797 55
6798 23
6799 34
6800 32
6801 29
6802 8
6803 26
6804 32
6805 20
6806 16
6807 41
6808 6
6809 30
6810 26
6811 14
6812 27
6813 38
6814 17
6815 46
6816 18
6817 28
6818 40
6819 37
6820 9
6821 22
6822 46
6823 8
6824 16
6825 12
6826 8
6827 9
6828 22
6829 30
6830 5
6831 12
6832 13
6833 43
6834 27
6835 20
6836 15
6837 7
6838 51
6839 43
6840 35
6841 26
6842 6
6843 9
6844 16
6845 23
6846 30
6847 54
6848 44
6849 39
6850 6
6851 50
6852 50
6853 49
6854 12
6855 48
6856 12
6857 26
6858 50
6859 33
6860 24
6861 15
6862 55
6863 30
6864 30
6865 37
6866 6
6867 27
6868 28
6869 33
6870 13
6871 45
6872 36
6873 30
6874 43
6875 50
6876 25
6877 32
6878 48
6879 28
6880 25
6881 13
6882 38
6883 6
6884 30
6885 48
6886 30
6887 32
6888 17
6889 54
6890 31
6891 40
6892 5
6893 7
6894 7
6895 34
6896 23
6897 28
6898 5
6899 27
6900 32
6901 47
6902 44
6903 37
6904 12
6905 9
6906 12
6907 14
6908 22
6909 41
6910 42
6911 38
6912 38
6913 54
6914 6
6915 40
6916 55
6917 11
6918 10
6919 13
6920 10
6921 38
6922 32
6923 25
6924 43
6925 16
6926 19
6927 38
6928 6
6929 29
6930 13
6931 7
6932 25
6933 54
6934 49
6935 53
6936 22
6937 6
6938 21
6939 12
6940 39
6941 14
6942 27
6943 17
6944 10
6945 35
6946 19
6947 13
6948 42
6949 41
6950 33
6951 6
6952 47
6953 18
6954 39
6955 11
6956 23
6957 35
6958 15
6959 22
6960 43
6961 51
6962 28
6963 32
6964 19
6965 50
6966 31
6967 18
6968 43
6969 35
6970 9
6971 30
6972 43
6973 26
6974 39
6975 17
6976 20
6977 55
6978 15
6979 17
6980 25
6981 21
6982 22
6983 22
6984 34
6985 32
6986 44
6987 26
6988 21
6989 16
6990 42
6991 10
6992 25
6993 54
6994 27
6995 45
6996 44
6997 11
6998 11
6999 25
7000 7
7001 55
7002 24
7003 35
7004 43
7005 11
7006 31
7007 5
7008 21
7009 9
7010 39
7011 48
7012 48
7013 47
7014 46
7015 33
7016 27
7017 15
7018 49
7019 50
7020 52
7021 25
7022 11
7023 38
7024 45
7025 44
7026 50
7027 16
7028 9
7029 52
7030 5
7031 31
7032 23
7033 26
7034 44
7035 21
7036 34
7037 37
7038 28
7039 42
7040 43
7041 15
7042 18
7043 54
7044 44
7045 51
7046 44
7047 32
7048 35
7049 51
7050 34
7051 41
7052 42
7053 11
7054 8
7055 37
7056 42
7057 49
7058 37
7059 50
7060 46
7061 46
7062 25
7063 10
7064 23
7065 31
7066 28
7067 13
7068 51
7069 8
7070 50
7071 51
7072 39
7073 13
7074 37
7075 39
7076 36
7077 48
7078 48
7079 25
7080 41
7081 19
7082 40
7083 39
7084 7
7085 7
7086 37
7087 27
7088 12
7089 23
7090 40
7091 24
7092 19
7093 26
7094 51
7095 54
7096 42
7097 50
7098 47
7099 39
7100 40
7101 14
7102 33
7103 49
7104 42
7105 44
7106 37
7107 10
7108 32
7109 39
7110 10
7111 37
7112 28
7113 48
7114 12
7115 36
7116 53
7117 35
7118 19
7119 46
7120 49
7121 15
7122 40
7123 24
7124 6
7125 12
7126 55
7127 18
7128 13
7129 7
7130 48
7131 5
7132 12
7133 5
7134 35
7135 45
7136 34
7137 14
7138 16
7139 28
7140 8
7141 12
7142 29
7143 8
7144 35
7145 14
7146 55
7147 55
7148 19
7149 47
7150 22
7151 48
7152 46
7153 48
7154 54
7155 12
7156 53
7157 33
7158 8
7159 53
7160 48
7161 31
7162 39
7163 24
7164 42
7165 41
7166 35
7167 12
7168 46
7169 37
7170 30
7171 7
7172 23
7173 13
7174 45
7175 21
7176 18
7177 42
7178 28
7179 18
7180 12
7181 7
7182 8
7183 54
7184 24
7185 15
7186 51
7187 6
7188 11
7189 27
7190 51
7191 22
7192 7
7193 41
7194 34
7195 8
7196 15
7197 39
7198 53
7199 44
7200 37
7201 14
7202 42
7203 44
7204 29
7205 49
7206 19
7207 23
7208 17
7209 27
7210 23
7211 7
7212 27
7213 44
7214 36
7215 23
7216 55
7217 35
7218 10
7219 51
7220 28
7221 44
7222 38
7223 33
7224 54
7225 34
7226 53
7227 28
7228 34
7229 32
7230 5
7231 45
7232 17
7233 29
7234 19
7235 6
7236 12
7237 10
7238 32
7239 29
7240 18
7241 12
7242 15
7243 5
7244 20
7245 14
7246 53
7247 35
7248 34
7249 23
7250 18
7251 45
7252 33
7253 18
7254 50
7255 34
7256 24
7257 52
7258 25
7259 55
7260 10
7261 34
7262 29
7263 41
7264 45
7265 55
7266 42
7267 26
7268 51
7269 52
7270 34
7271 45
7272 35
7273 15
7274 37
7275 48
7276 10
7277 40
7278 32
7279 36
7280 11
7281 43
7282 17
7283 44
7284 49
7285 45
7286 7
7287 37
7288 8
7289 36
7290 9
7291 15
7292 22
7293 20
7294 54
7295 47
7296 6
7297 17
7298 40
7299 5
7300 32
7301 7
7302 19
7303 42
7304 32
7305 25
7306 24
7307 25
7308 8
7309 51
7310 13
7311 8
7312 34
7313 53
7314 31
7315 55
7316 9
7317 28
7318 29
7319 24
7320 45
7321 49
7322 23
7323 14
7324 9
7325 26
7326 54
7327 43
7328 13
7329 13
7330 31
7331 55
7332 11
7333 52
7334 52
7335 11
7336 48
7337 30
7338 25
7339 34
7340 35
7341 37
7342 30
7343 33
7344 26
7345 12
7346 16
7347 38
7348 10
7349 34
7350 24
7351 18
7352 49
7353 26
7354 15
7355 37
7356 26
7357 48
7358 24
7359 29
7360 54
7361 12
7362 38
7363 37
7364 55
7365 16
7366 42
7367 6
7368 24
7369 37
7370 40
7371 48
7372 51
7373 50
7374 12
7375 26
7376 40
7377 28
7378 37
7379 35
7380 38
7381 36
7382 26
7383 31
7384 36
7385 52
7386 17
7387 46
7388 13
7389 15
7390 29
7391 43
7392 39
7393 31
7394 13
7395 46
7396 39
7397 20
7398 15
7399 50
7400 51
7401 55
7402 55
7403 43
7404 28
7405 50
7406 34
7407 23
7408 49
7409 27
7410 39
7411 40
7412 40
7413 20
7414 33
7415 18
7416 24
7417 31
7418 16
7419 8
7420 53
7421 45
7422 52
7423 16
7424 33
7425 35
7426 22
7427 25
7428 35
7429 39
7430 47
7431 29
7432 21
7433 39
7434 36
7435 52
7436 30
7437 34
7438 13
7439 52
7440 5
7441 37
7442 50
7443 50
7444 55
7445 7
7446 41
7447 27
7448 30
7449 43
7450 34
7451 21
7452 35
7453 39
7454 20
7455 21
7456 26
7457 10
7458 30
7459 52
7460 23
7461 38
7462 53
7463 48
7464 54
7465 41
7466 6
7467 35
7468 32
7469 6
7470 38
7471 29
7472 38
7473 55
7474 29
7475 42
7476 6
7477 53
7478 40
7479 18
7480 48
7481 39
7482 20
7483 7
7484 45
7485 31
7486 7
7487 21
7488 34
7489 44
7490 14
7491 54
7492 47
7493 13
7494 20
7495 55
7496 40
7497 10
7498 22
7499 30
7500 21
7501 9
7502 14
7503 14
7504 49
7505 29
7506 18
7507 48
7508 34
7509 22
7510 12
7511 46
7512 20
7513 18
7514 36
7515 22
7516 50
7517 19
7518 55
7519 21
7520 22
7521 43
7522 7
7523 14
7524 14
7525 50
7526 55
7527 34
7528 26
7529 47
7530 47
7531 7
7532 24
7533 46
7534 20
7535 8
7536 42
7537 28
7538 18
7539 27
7540 14
7541 16
7542 14
7543 33
7544 17
7545 27
7546 21
7547 22
7548 9
7549 10
7550 23
7551 18
7552 33
7553 38
7554 25
7555 20
7556 22
7557 41
7558 8
7559 15
7560 32
7561 45
7562 23
7563 13
7564 31
7565 25
7566 28
7567 54
7568 23
7569 18
7570 32
7571 18
7572 37
7573 46
7574 42
7575 38
7576 35
7577 36
7578 51
7579 20
7580 45
7581 45
7582 46
7583 25
7584 33
7585 6
7586 37
7587 37
7588 53
7589 39
7590 51
7591 19
7592 29
7593 48
7594 55
7595 50
7596 46
7597 46
7598 51
7599 8
7600 47
7601 38
7602 49
7603 14
7604 5
7605 33
7606 13
7607 16
7608 46
7609 10
7610 28
7611 30
7612 15
7613 26
7614 47
7615 46
7616 17
7617 24
7618 49
7619 35
7620 5
7621 7
7622 47
7623 7
7624 13
7625 21
7626 23
7627 19
7628 8
7629 38
7630 52
7631 48
7632 45
7633 27
7634 12
7635 11
7636 36
7637 8
7638 16
7639 38
7640 20
7641 16
7642 16
7643 23
7644 19
7645 15
7646 46
7647 51
7648 30
7649 16
7650 47
7651 11
7652 40
7653 48
7654 6
7655 32
7656 7
7657 53
7658 22
7659 33
7660 50
7661 46
7662 9
7663 38
7664 49
7665 44
7666 53
7667 10
7668 35
7669 13
7670 32
7671 13
7672 32
7673 39
7674 10
7675 47
7676 44
7677 8
7678 35
7679 52
7680 14
7681 52
7682 48
7683 19
7684 6
7685 17
7686 7
7687 37
7688 35
7689 6
7690 22
7691 27
7692 11
7693 46
7694 23
7695 12
7696 43
7697 46
7698 25
7699 40
7700 19
7701 51
7702 11
7703 19
7704 5
7705 41
7706 36
7707 53
7708 39
7709 15
7710 21
7711 28
7712 43
7713 26
7714 51
7715 41
7716 41
7717 10
7718 51
7719 35
7720 20
7721 13
7722 30
7723 45
7724 27
7725 49
7726 38
7727 19
7728 35
7729 39
7730 48
7731 34
7732 47
7733 5
7734 52
7735 50
7736 14
7737 53
7738 52
7739 47
7740 15
7741 52
7742 9
7743 49
7744 12
7745 55
7746 15
7747 34
7748 19
7749 6
7750 27
7751 25
7752 13
7753 5
7754 31
7755 55
7756 40
7757 55
7758 42
7759 50
7760 35
7761 49
7762 43
7763 30
7764 10
7765 26
7766 16
7767 16
7768 8
7769 6
7770 47
7771 41
7772 26
7773 21
7774 23
7775 51
7776 44
7777 26
7778 54
7779 15
7780 5
7781 21
7782 25
7783 29
7784 15
7785 12
7786 45
7787 33
7788 32
7789 45
7790 43
7791 35
7792 27
7793 27
7794 16
7795 43
7796 19
7797 44
7798 16
7799 20
7800 41
7801 29
7802 20
7803 47
7804 9
7805 10
7806 55
7807 12
7808 11
7809 28
7810 38
7811 52
7812 53
7813 27
7814 52
7815 55
7816 51
7817 10
7818 46
7819 8
7820 51
7821 38
7822 43
7823 50
7824 25
7825 47
7826 55
7827 44
7828 44
7829 53
7830 31
7831 54
7832 10
7833 46
7834 52
7835 34
7836 20
7837 18
7838 41
7839 26
7840 13
7841 20
7842 20
7843 14
7844 25
7845 10
7846 8
7847 28
7848 50
7849 51
7850 45
7851 11
7852 29
7853 36
7854 41
7855 7
7856 12
7857 30
7858 26
7859 5
7860 45
7861 53
7862 33
7863 27
7864 49
7865 55
7866 25
7867 49
7868 48
7869 53
7870 39
7871 54
7872 26
7873 8
7874 37
7875 5
7876 27
7877 16
7878 41
7879 18
7880 12
7881 53
7882 55
7883 54
7884 16
7885 28
7886 27
7887 41
7888 54
7889 17
7890 8
7891 32
7892 19
7893 32
7894 18
7895 41
7896 5
7897 53
7898 12
7899 15
7900 21
7901 6
7902 26
7903 21
7904 23
7905 49
7906 55
7907 55
7908 51
7909 25
7910 41
7911 34
7912 20
7913 38
7914 48
7915 52
7916 48
7917 38
7918 38
7919 47
7920 37
7921 27
7922 9
7923 54
7924 54
7925 15
7926 22
7927 38
7928 12
7929 8
7930 12
7931 40
7932 33
7933 8
7934 23
7935 48
7936 32
7937 42
7938 21
7939 45
7940 26
7941 51
7942 19
7943 51
7944 26
7945 22
7946 29
7947 22
7948 48
7949 48
7950 55
7951 13
7952 51
7953 21
7954 43
7955 32
7956 48
7957 33
7958 54
7959 53
7960 23
7961 37
7962 7
7963 31
7964 41
7965 22
7966 46
7967 17
7968 54
7969 39
7970 20
7971 39
7972 21
7973 46
7974 53
7975 10
7976 10
7977 48
7978 9
7979 41
7980 29
7981 26
7982 52
7983 21
7984 11
7985 38
7986 33
7987 32
7988 39
7989 30
7990 14
7991 33
7992 45
7993 29
7994 38
7995 50
7996 12
7997 48
7998 54
7999 6
8000 42
8001 12
8002 13
8003 53
8004 19
8005 18
8006 44
8007 46
8008 55
8009 50
8010 5
8011 32
8012 41
8013 53
8014 25
8015 45
8016 7
8017 9
8018 8
8019 20
8020 28
8021 8
8022 51
8023 47
8024 32
8025 19
8026 50
8027 39
8028 5
8029 41
8030 25
8031 32
8032 25
8033 7
8034 47
8035 7
8036 14
8037 42
8038 35
8039 33
8040 42
8041 41
8042 19
8043 27
8044 51
8045 17
8046 38
8047 18
8048 34
8049 44
8050 55
8051 20
8052 30
8053 7
8054 55
8055 27
8056 18
8057 17
8058 48
8059 42
8060 41
8061 49
8062 36
8063 29
8064 8
8065 17
8066 46
8067 27
8068 15
8069 46
8070 14
8071 11
8072 55
8073 28
8074 8
8075 11
8076 32
8077 42
8078 50
8079 25
8080 55
8081 19
8082 15
8083 9
8084 47
8085 25
8086 10
8087 24
8088 38
8089 30
8090 41
8091 9
8092 53
8093 23
8094 55
8095 23
8096 20
8097 33
8098 23
8099 40
8100 19
8101 46
8102 15
8103 40
8104 24
8105 42
8106 10
8107 49
8108 27
8109 38
8110 39
8111 33
8112 14
8113 39
8114 16
8115 15
8116 44
8117 20
8118 24
8119 52
8120 23
8121 38
8122 49
8123 43
8124 38
8125 5
8126 44
8127 55
8128 19
8129 16
8130 17
8131 54
8132 10
8133 45
8134 15
8135 43
8136 12
8137 36
8138 47
8139 30
8140 41
8141 48
8142 54
8143 32
8144 32
8145 26
8146 15
8147 24
8148 51
8149 37
8150 20
8151 44
8152 34
8153 42
8154 20
8155 51
8156 33
8157 18
8158 36
8159 33
8160 9
8161 5
8162 28
8163 53
8164 37
8165 28
8166 36
8167 9
8168 28
8169 36
8170 47
8171 53
8172 40
8173 28
8174 35
8175 50
8176 27
8177 54
8178 25
8179 23
8180 36
8181 53
8182 18
8183 22
8184 5
8185 43
8186 37
8187 18
8188 10
8189 23
8190 9
8191 31
8192 25
8193 6
8194 36
8195 54
8196 10
8197 43
8198 45
8199 22
8200 33
8201 41
8202 45
8203 16
8204 54
8205 17
8206 47
8207 6
8208 20
8209 16
8210 44
8211 28
8212 54
8213 34
8214 31
8215 54
8216 51
8217 11
8218 13
8219 35
8220 33
8221 14
8222 9
8223 42
8224 23
8225 53
8226 28
8227 49
8228 6
8229 20
8230 51
8231 54
8232 38
8233 21
8234 9
8235 26
8236 27
8237 41
8238 20
8239 40
8240 6
8241 32
8242 25
8243 11
8244 24
8245 55
8246 43
8247 19
8248 55
8249 45
8250 19
8251 44
8252 52
8253 21
8254 54
8255 46
8256 40
8257 21
8258 23
8259 37
8260 38
8261 27
8262 10
8263 19
8264 5
8265 22
8266 39
8267 39
8268 42
8269 32
8270 55
8271 26
8272 34
8273 41
8274 54
8275 22
8276 54
8277 48
8278 32
8279 41
8280 31
8281 35
8282 35
8283 44
8284 55
8285 33
8286 27
8287 18
8288 7
8289 15
8290 50
8291 44
8292 6
8293 41
8294 50
8295 49
8296 49
8297 9
8298 14
8299 43
8300 19
8301 39
8302 48
8303 12
8304 51
8305 5
8306 46
8307 13
8308 12
8309 34
8310 19
8311 34
8312 43
8313 21
8314 17
8315 9
8316 18
8317 53
8318 10
8319 50
8320 39
8321 34
8322 14
8323 26
8324 52
8325 50
8326 38
8327 16
8328 7
8329 48
8330 51
8331 28
8332 16
8333 15
8334 39
8335 6
8336 29
8337 38
8338 29
8339 17
8340 35
8341 17
8342 21
8343 53
8344 31
8345 44
8346 10
8347 49
8348 33
8349 13
8350 28
8351 45
8352 20
8353 23
8354 34
8355 42
8356 25
8357 49
8358 13
8359 34
8360 46
8361 24
8362 43
8363 14
8364 5
8365 53
8366 37
8367 13
8368 19
8369 44
8370 7
8371 48
8372 44
8373 13
8374 52
8375 45
8376 34
8377 12
8378 12
8379 44
8380 54
8381 12
8382 50
8383 54
8384 37
8385 28
8386 5
8387 30
8388 19
8389 47
8390 35
8391 33
8392 54
8393 48
8394 17
8395 26
8396 22
8397 26
8398 47
8399 51
8400 47
8401 30
8402 22
8403 16
8404 49
8405 49
8406 14
8407 49
8408 19
8409 35
8410 29
8411 7
8412 21
8413 30
8414 40
8415 13
8416 29
8417 14
8418 9
8419 34
8420 39
8421 12
8422 32
8423 36
8424 24
8425 26
8426 35
8427 40
8428 40
8429 46
8430 17
8431 27
8432 11
8433 52
8434 16
8435 20
8436 48
8437 5
8438 37
8439 45
8440 53
8441 18
8442 25
8443 8
8444 41
8445 31
8446 6
8447 32
8448 9
8449 24
8450 5
8451 23
8452 26
8453 21
8454 51
8455 54
8456 23
8457 13
8458 37
8459 38
8460 20
8461 33
8462 42
8463 47
8464 15
8465 7
8466 18
8467 6
8468 29
8469 6
8470 37
8471 28
8472 26
8473 41
8474 18
8475 17
8476 30
8477 17
8478 28
8479 30
8480 18
8481 20
8482 40
8483 24
8484 12
8485 39
8486 9
8487 17
8488 18
8489 13
8490 46
8491 55
8492 39
8493 19
8494 33
8495 26
8496 37
8497 49
8498 39
8499 52
8500 43
8501 31
8502 29
8503 12
8504 34
8505 54
8506 12
8507 7
8508 22
8509 50
8510 52
8511 22
8512 19
8513 35
8514 37
8515 39
8516 17
8517 36
8518 18
8519 47
8520 55
8521 50
8522 19
8523 5
8524 7
8525 47
8526 22
8527 50
8528 28
8529 20
8530 45
8531 37
8532 26
8533 46
8534 50
8535 52
8536 45
8537 31
8538 16
8539 8
8540 37
8541 26
8542 44
8543 38
8544 31
8545 28
8546 55
8547 27
8548 48
8549 48
8550 11
8551 30
8552 25
8553 47
8554 18
8555 34
8556 55
8557 15
8558 37
8559 44
8560 18
8561 41
8562 8
8563 23
8564 7
8565 26
8566 25
8567 41
8568 54
8569 20
8570 21
8571 30
8572 5
8573 26
8574 42
8575 24
8576 19
8577 55
8578 8
8579 50
8580 25
8581 16
8582 37
8583 21
8584 51
8585 50
8586 13
8587 36
8588 19
8589 37
8590 25
8591 24
8592 13
8593 54
8594 37
8595 22
8596 26
8597 7
8598 5
8599 42
8600 32
8601 40
8602 25
8603 31
8604 52
8605 18
8606 52
8607 19
8608 52
8609 44
8610 19
8611 48
8612 34
8613 46
8614 43
8615 12
8616 28
8617 26
8618 6
8619 12
8620 54
8621 9
8622 50
8623 51
8624 17
8625 48
8626 43
8627 54
8628 35
8629 12
8630 32
8631 33
8632 49
8633 6
8634 7
8635 27
8636 35
8637 27
8638 50
8639 26
8640 21
8641 19
8642 17
8643 41
8644 20
8645 25
8646 42
8647 19
8648 52
8649 17
8650 31
8651 19
8652 51
8653 14
8654 23
8655 48
8656 12
8657 35
8658 46
8659 12
8660 52
8661 21
8662 42
8663 9
8664 28
8665 11
8666 6
8667 39
8668 52
8669 17
8670 29
8671 16
8672 48
8673 5
8674 37
8675 52
8676 48
8677 54
8678 18
8679 42
8680 48
8681 11
8682 28
8683 15
8684 15
8685 43
8686 51
8687 6
8688 30
8689 25
8690 22
8691 50
8692 5
8693 26
8694 16
8695 6
8696 44
8697 14
8698 42
8699 39
8700 40
8701 9
8702 7
8703 26
8704 52
8705 50
8706 47
8707 34
8708 12
8709 40
8710 54
8711 51
8712 11
8713 20
8714 19
8715 13
8716 13
8717 23
8718 30
8719 11
8720 29
8721 51
8722 33
8723 20
8724 40
8725 28
8726 34
8727 53
8728 42
8729 54
8730 40
8731 31
8732 50
8733 35
8734 42
8735 35
8736 28
8737 18
8738 22
8739 43
8740 28
8741 28
8742 18
8743 5
8744 18
8745 26
8746 10
8747 54
8748 28
8749 17
8750 31
8751 34
8752 43
8753 16
8754 42
8755 6
8756 35
8757 14
8758 38
8759 16
8760 24
8761 8
8762 33
8763 18
8764 16
8765 39
8766 37
8767 37
8768 49
8769 30
8770 19
8771 39
8772 20
8773 22
8774 8
8775 9
8776 18
8777 37
8778 39
8779 34
8780 28
8781 23
8782 43
8783 42
8784 6
8785 25
8786 23
8787 20
8788 38
8789 6
8790 20
8791 32
8792 16
8793 37
8794 37
8795 38
8796 44
8797 47
8798 41
8799 44
8800 36
8801 23
8802 53
8803 36
8804 28
8805 38
8806 9
8807 30
8808 11
8809 31
8810 48
8811 27
8812 48
8813 23
8814 23
8815 41
8816 55
8817 54
8818 31
8819 54
8820 5
8821 37
8822 40
8823 27
8824 42
8825 41
8826 24
8827 54
8828 20
8829 48
8830 22
8831 8
8832 39
8833 9
8834 19
8835 28
8836 53
8837 50
8838 28
8839 28
8840 25
8841 36
8842 39
8843 36
8844 6
8845 35
8846 24
8847 30
8848 23
8849 23
8850 29
8851 27
8852 8
8853 23
8854 27
8855 46
8856 55
8857 20
8858 50
8859 7
8860 50
8861 39
8862 16
8863 50
8864 31
8865 47
8866 46
8867 36
8868 10
8869 16
8870 18
8871 30
8872 11
8873 26
8874 44
8875 45
8876 39
8877 37
8878 19
8879 49
8880 49
8881 55
8882 36
8883 12
8884 33
8885 18
8886 30
8887 20
8888 6
8889 24
8890 50
8891 22
8892 46
8893 28
8894 6
8895 53
8896 36
8897 19
8898 18
8899 11
8900 5
8901 8
8902 50
8903 53
8904 23
8905 22
8906 55
8907 39
8908 17
8909 42
8910 49
8911 54
8912 45
8913 43
8914 52
8915 40
8916 51
8917 33
8918 16
8919 29
8920 27
8921 47
8922 43
8923 23
8924 15
8925 9
8926 45
8927 19
8928 31
8929 5
8930 27
8931 34
8932 29
8933 32
8934 12
8935 30
8936 13
8937 46
8938 16
8939 33
8940 55
8941 49
8942 24
8943 17
8944 24
8945 52
8946 35
8947 39
8948 23
8949 17
8950 51
8951 38
8952 45
8953 9
8954 29
8955 39
8956 24
8957 36
8958 26
8959 44
8960 41
8961 8
8962 50
8963 11
8964 36
8965 26
8966 43
8967 13
8968 13
8969 37
8970 34
8971 21
8972 23
8973 15
8974 52
8975 28
8976 26
8977 47
8978 52
8979 47
8980 24
8981 52
8982 14
8983 5
8984 14
8985 53
8986 17
8987 54
8988 55
8989 22
8990 17
8991 35
8992 44
8993 53
8994 14
8995 7
8996 46
8997 43
8998 46
8999 20
9000 28
9001 13
9002 43
9003 53
9004 37
9005 36
9006 5
9007 42
9008 16
9009 38
9010 48
9011 53
9012 17
9013 6
9014 10
9015 7
9016 16
9017 39
9018 46
9019 5
9020 50
9021 40
9022 27
9023 19
9024 16
9025 36
9026 36
9027 38
9028 40
9029 15
9030 20
9031 7
9032 12
9033 10
9034 13
9035 26
9036 45
9037 15
9038 7
9039 31
9040 35
9041 10
9042 29
9043 24
9044 29
9045 33
9046 35
9047 10
9048 8
9049 30
9050 11
9051 8
9052 42
9053 24
9054 9
9055 39
9056 13
9057 55
9058 9
9059 49
9060 38
9061 42
9062 34
9063 26
9064 24
9065 15
9066 43
9067 51
9068 38
9069 40
9070 45
9071 7
9072 48
9073 46
9074 31
9075 9
9076 47
9077 21
9078 28
9079 22
9080 22
9081 36
9082 43
9083 36
9084 28
9085 45
9086 15
9087 54
9088 40
9089 24
9090 37
9091 38
9092 51
9093 53
9094 27
9095 17
9096 21
9097 10
9098 15
9099 9
9100 18
9101 36
9102 53
9103 53
9104 48
9105 22
9106 47
9107 34
9108 25
9109 19
9110 52
9111 16
9112 16
9113 38
9114 52
9115 34
9116 16
9117 54
9118 37
9119 13
9120 50
9121 37
9122 27
9123 35
9124 47
9125 12
9126 6
9127 12
9128 38
9129 52
9130 19
9131 16
9132 50
9133 11
9134 9
9135 10
9136 54
9137 42
9138 53
9139 54
9140 54
9141 34
9142 37
9143 36
9144 49
9145 42
9146 30
9147 7
9148 54
9149 43
9150 39
9151 9
9152 49
9153 32
9154 48
9155 47
9156 38
9157 24
9158 50
9159 36
9160 32
9161 16
9162 52
9163 38
9164 38
9165 37
9166 12
9167 46
9168 35
9169 30
9170 30
9171 52
9172 37
9173 12
9174 30
9175 36
9176 30
9177 48
9178 54
9179 38
9180 27
9181 10
9182 52
9183 26
9184 19
9185 18
9186 21
9187 8
9188 47
9189 24
9190 29
9191 54
9192 14
9193 31
9194 41
9195 21
9196 25
9197 15
9198 29
9199 10
9200 8
9201 9
9202 18
9203 42
9204 17
9205 6
9206 28
9207 15
9208 21
9209 32
9210 53
9211 35
9212 34
9213 41
9214 30
9215 11
9216 19
9217 31
9218 29
9219 36
9220 11
9221 8
9222 35
9223 48
9224 20
9225 19
9226 20
9227 16
9228 41
9229 13
9230 21
9231 25
9232 22
9233 49
9234 41
9235 15
9236 51
9237 31
9238 45
9239 40
9240 6
9241 41
9242 41
9243 14
9244 37
9245 55
9246 44
9247 7
9248 6
9249 25
9250 33
9251 22
9252 55
9253 34
9254 5
9255 40
9256 12
9257 28
9258 9
9259 53
9260 55
9261 5
9262 48
9263 28
9264 46
9265 16
9266 23
9267 44
9268 30
9269 35
9270 37
9271 40
9272 50
9273 46
9274 41
9275 46
9276 37
9277 6
9278 10
9279 21
9280 40
9281 31
9282 53
9283 41
9284 15
9285 17
9286 19
9287 47
9288 27
9289 25
9290 32
9291 12
9292 23
9293 26
9294 5
9295 45
9296 27
9297 28
9298 28
9299 26
9300 14
9301 28
9302 33
9303 39
9304 38
9305 39
9306 55
9307 24
9308 46
9309 11
9310 40
9311 52
9312 30
9313 24
9314 39
9315 17
9316 19
9317 36
9318 27
9319 22
9320 29
9321 28
9322 19
9323 34
9324 17
9325 20
9326 18
9327 21
9328 14
9329 20
9330 48
9331 16
9332 48
9333 31
9334 5
9335 27
9336 36
9337 9
9338 43
9339 54
9340 44
9341 20
9342 39
9343 14
9344 11
9345 54
9346 26
9347 8
9348 7
9349 52
9350 49
9351 40
9352 30
9353 51
9354 10
9355 33
9356 20
9357 19
9358 26
9359 19
9360 30
9361 29
9362 30
9363 47
9364 15
9365 21
9366 47
9367 33
9368 6
9369 48
9370 21
9371 37
9372 18
9373 43
9374 30
9375 40
9376 48
9377 17
9378 30
9379 23
9380 7
9381 13
9382 22
9383 14
9384 47
9385 5
9386 24
9387 53
9388 54
9389 38
9390 11
9391 40
9392 50
9393 13
9394 9
9395 28
9396 37
9397 40
9398 42
9399 5
9400 15
9401 13
9402 14
9403 10
9404 24
9405 50
9406 9
9407 27
9408 23
9409 34
9410 23
9411 24
9412 10
9413 26
9414 33
9415 24
9416 45
9417 26
9418 15
9419 43
9420 53
9421 52
9422 5
9423 27
9424 47
9425 28
9426 22
9427 52
9428 25
9429 38
9430 49
9431 6
9432 29
9433 40
9434 53
9435 11
9436 53
9437 22
9438 41
9439 14
9440 54
9441 21
9442 10
9443 29
9444 45
9445 9
9446 33
9447 16
9448 14
9449 21
9450 42
9451 32
9452 16
9453 22
9454 31
9455 40
9456 49
9457 52
9458 15
9459 10
9460 54
9461 49
9462 15
9463 17
9464 38
9465 8
9466 51
9467 6
9468 8
9469 51
9470 7
9471 34
9472 26
9473 44
9474 27
9475 34
9476 55
9477 40
9478 46
9479 5
9480 23
9481 18
9482 46
9483 25
9484 6
9485 20
9486 32
9487 6
9488 32
9489 37
9490 41
9491 29
9492 7
9493 44
9494 39
9495 8
9496 11
9497 22
9498 27
9499 42
9500 37
9501 11
9502 38
9503 6
9504 6
9505 39
9506 18
9507 40
9508 21
9509 31
9510 38
9511 18
9512 13
9513 48
9514 25
9515 33
9516 23
9517 53
9518 46
9519 19
9520 23
9521 31
9522 8
9523 33
9524 13
9525 30
9526 7
9527 17
9528 41
9529 33
9530 35
9531 43
9532 43
9533 42
9534 55
9535 22
9536 33
9537 42
9538 35
9539 24
9540 12
9541 32
9542 47
9543 54
9544 54
9545 32
9546 37
9547 20
9548 28
9549 8
9550 29
9551 12
9552 26
9553 5
9554 36
9555 5
9556 10
9557 21
9558 6
9559 48
9560 22
9561 40
9562 8
9563 38
9564 48
9565 36
9566 23
9567 35
9568 50
9569 10
9570 33
9571 21
9572 37
9573 25
9574 54
9575 47
9576 15
9577 47
9578 43
9579 29
9580 50
9581 41
9582 9
9583 37
9584 45
9585 31
9586 21
9587 28
9588 23
9589 18
9590 38
9591 46
9592 49
9593 15
9594 13
9595 9
9596 7
9597 53
9598 6
9599 42
9600 46
9601 26
9602 30
9603 17
9604 41
9605 53
9606 8
9607 26
9608 43
9609 10
9610 12
9611 8
9612 28
9613 12
9614 34
9615 34
9616 9
9617 48
9618 45
9619 42
9620 44
9621 8
9622 51
9623 49
9624 16
9625 27
9626 47
9627 20
9628 46
9629 6
9630 10
9631 31
9632 41
9633 15
9634 21
9635 53
9636 8
9637 46
9638 32
9639 13
9640 30
9641 42
9642 23
9643 8
9644 14
9645 17
9646 16
9647 39
9648 25
9649 21
9650 46
9651 14
9652 25
9653 12
9654 38
9655 34
9656 22
9657 17
9658 42
9659 35
9660 47
9661 52
9662 36
9663 5
9664 27
9665 55
9666 35
9667 21
9668 37
9669 42
9670 40
9671 44
9672 52
9673 32
9674 34
9675 34
9676 27
9677 15
9678 19
9679 50
9680 23
9681 38
9682 18
9683 41
9684 7
9685 36
9686 36
9687 47
9688 13
9689 53
9690 33
9691 22
9692 7
9693 48
9694 53
9695 12
9696 24
9697 18
9698 8
9699 23
9700 11
9701 40
9702 42
9703 47
9704 54
9705 19
9706 10
9707 44
9708 20
9709 47
9710 22
9711 34
9712 37
9713 7
9714 39
9715 23
9716 48
9717 21
9718 53
9719 23
9720 37
9721 43
9722 41
9723 5
9724 41
9725 44
9726 52
9727 12
9728 54
9729 25
9730 34
9731 10
9732 32
9733 49
9734 40
9735 39
9736 36
9737 14
9738 49
9739 51
9740 36
9741 13
9742 23
9743 50
9744 47
9745 12
9746 43
9747 15
9748 12
9749 45
9750 38
9751 15
9752 18
9753 50
9754 17
9755 38
9756 46
9757 47
9758 40
9759 35
9760 34
9761 22
9762 11
9763 38
9764 35
9765 38
9766 35
9767 34
9768 45
9769 26
9770 5
9771 21
9772 6
9773 29
9774 17
9775 20
9776 14
9777 8
9778 45
9779 50
9780 9
9781 18
9782 39
9783 42
9784 5
9785 55
9786 44
9787 51
9788 10
9789 49
9790 23
9791 24
9792 38
9793 23
9794 48
9795 43
9796 48
9797 37
9798 18
9799 31
9800 8
9801 11
9802 43
9803 52
9804 26
9805 16
9806 44
9807 11
9808 47
9809 48
9810 18
9811 13
9812 32
9813 39
9814 19
9815 13
9816 49
9817 39
9818 38
9819 53
9820 36
9821 26
9822 24
9823 42
9824 13
9825 43
9826 8
9827 38
9828 6
9829 10
9830 28
9831 26
9832 25
9833 50
9834 54
9835 41
9836 28
9837 6
9838 9
9839 30
9840 31
9841 5
9842 44
9843 49
9844 14
9845 13
9846 15
9847 7
9848 51
9849 30
9850 46
9851 34
9852 11
9853 19
9854 10
9855 16
9856 6
9857 18
9858 12
9859 42
9860 16
9861 7
9862 22
9863 28
9864 48
9865 42
9866 40
9867 16
9868 33
9869 44
9870 17
9871 25
9872 27
9873 5
9874 32
9875 25
9876 28
9877 34
9878 31
9879 16
9880 37
9881 54
9882 22
9883 11
9884 15
9885 50
9886 19
9887 41
9888 19
9889 9
9890 39
9891 52
9892 15
9893 14
9894 52
9895 38
9896 28
9897 13
9898 33
9899 37
9900 25
9901 5
9902 15
9903 10
9904 47
9905 44
9906 29
9907 16
9908 32
9909 55
9910 14
9911 50
9912 10
9913 7
9914 29
9915 7
9916 37
9917 51
9918 33
9919 51
9920 49
9921 22
9922 23
9923 43
9924 8
9925 50
9926 11
9927 24
9928 44
9929 35
9930 24
9931 13
9932 27
9933 5
9934 19
9935 44
9936 29
9937 37
9938 9
9939 51
9940 49
9941 36
9942 10
9943 33
9944 24
9945 13
9946 9
9947 48
9948 33
9949 42
9950 28
9951 23
9952 22
9953 11
9954 6
9955 19
9956 38
9957 18
9958 44
9959 46
9960 50
9961 28
9962 11
9963 35
9964 51
9965 41
9966 15
9967 47
9968 11
9969 53
9970 32
9971 9
9972 14
9973 26
9974 5
9975 9
9976 8
9977 14
9978 13
9979 11
9980 20
9981 49
9982 25
9983 52
9984 40
9985 30
9986 40
9987 41
9988 33
9989 38
9990 9
9991 53
9992 50
9993 7
9994 21
9995 22
9996 45
9997 21
9998 10
9999 33
